13p-vvcIXHc_ZjZQD8IvRA;-58.495353164826156;4.416548719670573;0.9114396597973382;4.239043947069152;1.9342952158962003;1.8899999999999864;1.6504889097049729;CAR
39P8f-sIGqpKZuCKKZBauA;-25.166103958496024;5.684604527628835;1.0189397309630408;0.12185699308038611;0.49089437263980934;0.5099999999999909;0.13952726954274075;SIGN
3MZO6-VVQtrIyGAFMulcTg;-51.12210687591687;5.766276128442769;0.639099167774873;4.3323276059548;1.9889920533248227;1.6499999999999773;1.7209503132247281;CAR
3mbZIAHtm9F4zpnfmCopEg;-74.0469763612582;2.0956619926209896;2.0147078923663173;4.261777625229855;1.9689136290064857;1.6899999999999977;1.7276154992737132;CAR
431ChCZLYv1WIGcgMHfW3g;-4.74325414044506;-7.29334812982779;-0.0407609700289413;4.017924159686433;1.8217347489587514;1.8999999999999773;-1.4438162695262236;CAR
4Fh970OcxUFZoP0FR8g3mg;-69.06523452554575;-2.681709125587986;1.3801953165648797;3.9578067229375256;1.7504137873468937;1.240000000000009;-2.9853351778295867;CAR
4d48FhjiqclpfwTCfWHhYA;-75.54421301681032;-1.567957316254251;4.5291691946587775;0.10825428382889848;0.546813562023401;0.7200000000000273;0.08348136959608965;SIGN
6AXQEepAMeaZA--KP1vKUw;-62.52348005155909;-1.5192678533476283;1.067881846494231;4.722530381289203;2.156975972020378;1.7699999999999818;-3.0325975181314697;CAR
6k8wf2DIMHbQQ7aC-guUhw;20.440437262896012;-4.8087676534496495;1.7954841959524686;0.17257156242580807;0.8882613608337774;0.910000000000025;-1.576994088677976;SIGN
7-OQSSfOjwG23gplrA_Ijw;-25.992027824862816;-6.3911317324827905;-0.08926623466186356;4.329438397926622;2.012981135915072;1.6499999999999773;0.1532216196944538;CAR
78LgW2BRDGSMNKDcnvpN2g;-36.14424727724872;8.403627901503569;0.4528950992253442;3.3594676304431155;1.5846289228297918;1.5090257587797282;1.7054737167974423;CAR
7bPAzkhlUbgZo17j_uhJWA;-10.377324108854737;-3.858658468126123;-0.2921803515926058;4.6810495260405185;2.0285250331662477;1.6399999999999864;0.1417173119908166;CAR
8cWxDuMt2Gn2LRP_vJgr-w;-8.899903079452997;6.4724182430436485;-0.29430911258367587;4.682575078502766;2.048955477352823;1.7200000000000273;-3.0295235224377897;CAR
99HpjIdW9frUCY0zbmIBww;-66.68751435028571;2.9727988709773854;1.1987415719663375;5.27522418910944;2.1491375433070052;2.569999999999993;-1.3905694302736278;CAR
A7IVralGxsMsJ0id8yrGTQ;2.5814375463451142;25.924919849430808;0.5684583928252778;0.13338514539281646;0.5335766230813888;0.6299999999999955;-1.3462247485763128;SIGN
AD7-7Ma20f8Vpdta7QHamA;22.24175158730759;-14.185991213547823;-0.4256289611247155;5.85196240862241;2.3660526083348787;2.0600000000000023;1.9810218560959107;CAR
AtH2Kfx3lG5zuzlZ8qI91w;-51.25173138188438;-13.419394704871593;0.8342414938774709;3.4910996832763175;1.5811963394710522;1.6000000000000227;-1.3902708075711616;CAR
B42y3hluu9KKu_3l_7MyNg;-40.891921003780226;-8.303933957728987;0.17903713719337588;4.553756119335158;1.9856683310633634;1.5699999999999932;0.15015480726839403;CAR
Bz55H0VTaneIvVY40UwA3Q;-39.91084050346035;-10.031920418775371;1.374520908847387;0.10990910628341626;0.551539145324807;0.6100000000000136;0.07976855036565933;SIGN
DXNKLJ3AJsS-wwS7eXlCrQ;-77.07589167687183;-3.928683870054556;1.9598833580384962;4.725195022675372;2.1676513314899464;1.6499999999999773;-2.976291304601636;CAR
DbbLRvQ9ho1XyiWtcCnklA;31.428697287428804;-49.3402939870366;0.4416424137634465;5.682796722442331;2.6317605762386447;2.7099999999999795;1.6971263664448273;CAR
DsZkruUSRa_sax-pr1WLjA;19.162953188071697;5.485921706694171;-0.17606107840870777;0.09356222016020597;0.8933601764816548;0.8299999999999841;-2.9754807208644416;SIGN
ENR8J71Igxv_ZDHVVrIWfA;10.931403320684694;54.082411024310204;-2.671443936996326;0.1344590267058139;0.5564777245130182;0.660000000000025;-1.4343747480928108;SIGN
Ha0zUiS8cY2BXZeVYYoroA;-44.10393970763289;6.82900858037101;0.2237904618849882;4.171065068318954;1.9663523542672134;1.829999999999984;1.7419460152231512;CAR
HzX_Acfx5SOpdR9Lp2F9DA;-39.0601471354621;2.146539841309277;0.02484333411095463;3.711193712625886;1.8429493286179113;1.9599999999999795;-2.9840859957269603;CAR
LKDVkTtEI739qj-rzODkOA;-24.019611144980445;4.13719727966145;-0.018088334520541594;4.3321849136928865;1.9535516254975946;1.7699999999999818;-2.9738059536416195;CAR
OiwgezXTj5zg5Jx_TwDcGw;13.923791631217682;22.92301555078666;-1.7958344807898357;5.766949629308678;2.2931975698255247;2.1200000000000045;1.6889250293463567;CAR
PCyzDM62oXM8lR5nItzb0Q;14.615897720737848;16.586877337242186;-1.281053335891329;4.687385521045762;1.9813353863029732;1.5900000000000318;1.7519109021951387;CAR
P_aCIpCOKYbjKgS3hQ205g;17.19063934611586;0.7786899325064951;-0.7835971076446242;4.872719786932165;2.169051107739327;1.5400000000000205;1.752290556766778;CAR
QTkU_pVmFjL1EXr0uXYO3A;-31.36190621622336;3.2718803556708735;-0.040483945653733144;4.071757288553061;2.0084493660808063;1.6999999999999886;-2.9639682073120004;CAR
QsaaTDu4_kZ5yreLX2x1Vg;-32.974524176474006;-7.138090174062199;0.16555724385986537;3.859739646317907;1.7807141109239413;1.5300000000000296;0.30213139038248116;CAR
Sb9NKU1z7vYQmAdKG7LKSQ;-53.835502991772955;-0.1472242922955047;0.40978283515593716;4.12108254225607;1.9928090924541386;1.660000000000025;-3.0212461081502253;CAR
TOjutZ88CSqrAfA0NqJMXg;-47.7500645404707;-9.391739019101806;0.3611804865281272;5.095047455278492;2.197569807178587;1.9499999999999886;0.11902328047518429;CAR
UiHW1gPW_HQMSgrSsbNNkw;5.009398774105648;23.207160431883494;-1.6268956897054352;4.724638947338785;2.1105623453485385;1.6999999999999886;-1.4033243421557442;CAR
VcKmbt_3t562ZlslF9K6uw;25.880962586819805;-22.786443853014134;-0.2911799960548933;4.689026023646981;2.1063293595055526;1.8899999999999864;1.9457691008315665;CAR
Vgm8olEgb1mzz6efrA61Bg;-51.18252074195698;-3.3060337645474647;0.4293287675945976;3.960983998516467;1.908614954794015;1.6499999999999773;-2.9844157000812785;CAR
WrRK7wUYLNlqGXnZcw6TTQ;-16.847395760521977;5.419702632878398;-0.22206784758012077;4.212884754033845;1.8961861854405213;1.670000000000016;-2.9908168230099332;CAR
bPOdPr-weZ4yfqmnDYPyUA;9.315238018429227;10.328385365050963;-0.5258616075145426;4.971987968117513;2.264742721794373;1.829999999999984;-1.3993565841480302;CAR
cNRV2ULpN_c9_CwZOpsRrA;19.86668189205011;-8.12375793416686;-0.751325430080982;5.326611730750998;2.2036871979481116;1.9599999999999795;1.929474446895406;CAR
d27U9BDdUPpJ_yonwk5dHA;-72.49760721635175;-13.29808104199219;2.035143278472219;4.846825282399454;2.333260129963117;1.7699999999999818;0.12313917693468701;CAR
g4oAW43dXNdQIm5Ije92Bw;16.46809367012611;5.931375758608738;-0.8115823510453879;4.260397836719462;2.0268671570249635;2.0;1.710037458353991;CAR
gWr7ViFp9CQ0Uh5HzRb-gw;20.400874934919557;-4.8071248333635594;1.5468091807361475;0.169367488538308;0.5814657463264923;0.2300000000000182;-1.576994088677676;SIGN
hFn5HbmeQxJmWGNM9z8GdA;-14.165844413353625;-8.669028170555066;-0.05043254801717012;4.562155376950733;1.9164572697651283;1.6399999999999864;-1.4034823093336832;CAR
hozauR00RsgvD3vLs_YRtQ;13.092804058520414;-22.55922447307239;0.23013298490485568;5.310188117191309;2.1635127719747724;1.759999999999991;-1.3997150122684705;CAR
jk9isHue7QjtDf0GqoCR6g;4.531616334561477;16.323458533041048;1.5267763788884565;0.13881655102718016;0.5175268206842428;0.18999999999999773;1.7404171541178055;SIGN
k9OstxG43c0P5GCFCExNsA;0.5395171050768113;-6.446948511484152;0.1264395589270464;4.810023135106863;1.9280751764699815;1.5699999999999932;-1.4652762501903398;CAR
ktfvcrmibGVYJigpJgZZAg;-13.816420180744899;10.842394014521233;0.11282958986254243;4.60185409554746;2.2062559295567277;1.759999999999991;1.709336194801745;CAR
lM-hv65Oiwg1YIw0JIyl6g;26.167564206421957;-17.761544020293513;2.279925663874735;0.10447660098931966;0.4641460938334418;0.5;-1.3855674373567817;SIGN
pPz1JSCPy8Hyc4G2e3P_jQ;27.9094534352771;-29.35166147054315;-0.13771484051943617;5.8654576520661035;2.4852781729195663;2.2200000000000273;1.7713497369398201;CAR
pqOLClofbmjtPT91ysd4Ag;4.954814644417638;-3.979894793385938;2.3881846244665894;0.05848721860881006;0.45085111600328;0.14999999999997726;2.893732460279603;SIGN
rKTQbdKc0FWepAZnwYDohQ;4.566181992608108;16.31985619084844;1.7255336504755974;0.14615407855680596;0.7822904127607203;0.7599999999999909;1.7404171541173472;SIGN
s0L_knY_G70oWcUpfw996g;19.188891060841343;5.4901032602529085;0.6437336422386579;0.0701114800241027;0.9484786642048894;0.5099999999999909;-2.975480720864991;SIGN
uyMi4BdVAyRvwi5ylIBIqA;-57.46282992931265;-11.034687149843194;1.13952210323842;4.251989735399412;1.9058206061670093;1.8000000000000114;0.12496288797562949;CAR
vtA30Zydp7XiaZ2Sc5xJpA;10.094103718693077;25.82262525767146;-1.92414846275463;4.422304326798974;2.189950637144503;2.170000000000016;1.7392024754198134;CAR
xNRxds-9oSm_l7zJHdVfWA;-28.890074658454978;8.425729937584947;0.03940961260192921;4.443969957253747;1.9351693716844478;1.660000000000025;1.7128181292524296;CAR
zr26RzD5X4_2lqkePzYiWQ;-36.552440429450144;-11.799916673860935;0.2941443994077986;4.124851501319638;1.8765714523626287;1.7200000000000273;-1.427270107093667;CAR
zsk_Sr0OnjJpBihUCXVbFw;15.565552743943044;11.355176977266638;-1.0222245334219906;4.679191751331776;1.901955629603373;1.740000000000009;1.6750366744034864;CAR