13p-vvcIXHc_ZjZQD8IvRA;-58.51006778924602;4.399253719619082;1.1192882745100974;4.23904394706915;1.9342952158961924;1.8899999999999864;1.6507592110997003;CAR
39P8f-sIGqpKZuCKKZBauA;-25.169855587428174;5.680658537176896;1.1297327317448662;0.12185699308038668;0.49089437263980906;0.5099999999999909;0.13979757093747036;SIGN
3MZO6-VVQtrIyGAFMulcTg;-51.14112380773622;5.751654374660575;0.7874233105855524;4.3323276059548;1.9889920533248202;1.6499999999999773;1.7212206146194573;CAR
3mbZIAHtm9F4zpnfmCopEg;-74.060170553641;2.073492624824212;2.236001136888291;4.261777625229853;1.9689136290064826;1.6899999999999977;1.7278858006684414;CAR
431ChCZLYv1WIGcgMHfW3g;-4.759580326513969;-7.293591133043265;-0.019433336004738067;4.017924159686435;1.8217347489587514;1.8999999999999773;-1.443545968131496;CAR
4Fh970OcxUFZoP0FR8g3mg;-69.07892231941696;-2.7021302887560523;1.5925920760889767;3.957806722937528;1.7504137873468955;1.240000000000009;-2.985064876434855;CAR
4d48FhjiqclpfwTCfWHhYA;-75.5390088373988;-1.6232481149090745;4.768726607092219;0.10825428382890613;0.546813562023402;0.7200000000000273;0.08375167099084058;SIGN
6AXQEepAMeaZA--KP1vKUw;-62.53886220507412;-1.5375420367399784;1.2456365965979899;4.722530381289203;2.156975972020378;1.7699999999999818;-3.0323272167367445;CAR
6k8wf2DIMHbQQ7aC-guUhw;20.43246650286528;-4.79532388410189;1.7413693095649307;0.17257156242580754;0.8882613608337802;0.910000000000025;-1.5767237872832474;SIGN
7-OQSSfOjwG23gplrA_Ijw;-26.006710624227708;-6.398090973910257;0.024404412871660952;4.329438397926624;2.0129811359150724;1.6499999999999773;0.15349192108918075;CAR
78LgW2BRDGSMNKDcnvpN2g;-36.15963822557751;8.393146325658563;0.6345759940390678;3.359467630443115;1.5846289228297892;1.5090257587797282;1.7057440181921706;CAR
7bPAzkhlUbgZo17j_uhJWA;-10.376749525756168;-3.864718065656234;-0.25238603021972494;4.681049526040518;2.0285250331662477;1.6399999999999864;0.141987613385544;CAR
8cWxDuMt2Gn2LRP_vJgr-w;-8.921540328779884;6.471018344693221;-0.2594037270481522;4.682575078502767;2.0489554773528216;1.7200000000000273;-3.0292532210430623;CAR
99HpjIdW9frUCY0zbmIBww;-66.70003201628788;2.9527965072047664;1.4286146202246925;5.275224189109436;2.1491375433070252;2.569999999999993;-1.3902991288789017;CAR
A7IVralGxsMsJ0id8yrGTQ;2.557202071071515;25.926701513163607;0.6126583738088129;0.13338514539281435;0.5335766230813888;0.6299999999999955;-1.3459544471815796;SIGN
AD7-7Ma20f8Vpdta7QHamA;22.225317222562808;-14.165379488980761;-0.47304340894604024;5.851962408622409;2.366052608334878;2.0600000000000023;1.9812921574906373;CAR
AtH2Kfx3lG5zuzlZ8qI91w;-51.262825607827835;-13.434269769007187;0.999399411676734;3.4910996832763157;1.5811963394710475;1.6000000000000227;-1.3900005061764342;CAR
B42y3hluu9KKu_3l_7MyNg;-40.90529908623648;-8.315543824237466;0.33388504880028336;4.553756119335158;1.9856683310633658;1.5699999999999932;0.15042510866312364;CAR
Bz55H0VTaneIvVY40UwA3Q;-39.920629447002284;-10.042029058196022;1.5073940007649753;0.10990910628341805;0.5515391453248069;0.6100000000000136;0.08003885176038494;SIGN
DD2KcvlDlkv-j1bMhIgnUw;15.677955043402108;-34.33365849808888;0.6903960982867545;4.931686456155288;2.1506895477290544;1.5600000000000023;-1.3544362844371227;CAR
DXNKLJ3AJsS-wwS7eXlCrQ;-77.08442382754038;-3.952073001320059;2.2306466283629334;4.725195022675349;2.167651331489945;1.6499999999999773;-2.97602100320691;CAR
DbbLRvQ9ho1XyiWtcCnklA;31.43218542640716;-49.33016971101915;0.41516071499475515;5.682796722442329;2.631760576238646;2.7099999999999795;1.6973966678395556;CAR
DsZkruUSRa_sax-pr1WLjA;19.14514311046696;5.500917228860999;-0.22835458074669646;0.09356222016020517;0.8933601764816546;0.8299999999999841;-2.9752104194697138;SIGN
ENR8J71Igxv_ZDHVVrIWfA;10.8845063168028;54.09208490203855;-2.646621055106465;0.1344590267058091;0.556477724513017;0.660000000000025;-1.4341044466980961;SIGN
Ha0zUiS8cY2BXZeVYYoroA;-44.121678785008044;6.816379829680955;0.389051595504867;4.171065068318952;1.966352354267217;1.829999999999984;1.7422163166178777;CAR
HzX_Acfx5SOpdR9Lp2F9DA;-39.07607193346121;2.1354222884046976;0.1856401258598055;3.711193712625882;1.8429493286179113;1.9599999999999795;-2.9838156943322343;CAR
LKDVkTtEI739qj-rzODkOA;-24.03774790607895;4.130863514817975;0.08501152282349267;4.332184913692892;1.9535516254975938;1.7699999999999818;-2.9735356522468934;CAR
OiwgezXTj5zg5Jx_TwDcGw;13.894145188545735;22.92894977461765;-1.8087792512016563;5.766949629308683;2.2931975698255256;2.1200000000000045;1.6891953307410859;CAR
PCyzDM62oXM8lR5nItzb0Q;14.589240113285996;16.592911169384934;-1.2927980047592769;4.687385521045759;1.9813353863029737;1.5900000000000318;1.752181203589867;CAR
P_aCIpCOKYbjKgS3hQ205g;17.169389590908395;0.7699122639496636;-0.8137171782317694;4.87271978693192;2.1690511077399757;1.5400000000000205;1.7521594753256196;CAR
QTkU_pVmFjL1EXr0uXYO3A;-31.37707566773679;3.2510956198248095;0.0705068533214046;4.071757288553063;2.008449366080805;1.6999999999999886;-2.9636979059172726;CAR
QsaaTDu4_kZ5yreLX2x1Vg;-32.96894817120483;-7.217495567902006;0.276263468337703;3.8597396463179057;1.7807141109239415;1.5300000000000296;0.30240169177720944;CAR
Sb9NKU1z7vYQmAdKG7LKSQ;-53.85086083540591;-0.16286565131122177;0.5988658228909856;4.121082542256059;1.9928090924541395;1.660000000000025;-3.0209758067554935;CAR
TOjutZ88CSqrAfA0NqJMXg;-47.76317014707456;-9.405453773901172;0.5187691686759592;5.095047455278495;2.1975698071785867;1.9499999999999886;0.11929358186990768;CAR
UiHW1gPW_HQMSgrSsbNNkw;4.9798023789408035;23.210345812752166;-1.6119050514245998;4.724638947338784;2.1105623453485376;1.6999999999999886;-1.4030540407610184;CAR
VcKmbt_3t562ZlslF9K6uw;25.87650868743549;-22.774886989007427;-0.3698535088157655;4.689026023646983;2.1063293595055526;1.8899999999999864;1.946039402226293;CAR
Vgm8olEgb1mzz6efrA61Bg;-60.64834984554909;-4.830158418730207;1.1642000330065798;3.9609839985140094;1.90861495479354;1.6499999999999773;-2.982725680333274;CAR
WrRK7wUYLNlqGXnZcw6TTQ;-16.87335614103904;5.409100788970136;-0.15077802891957504;4.212884754033843;1.8961861854405224;1.670000000000016;-2.990546521615204;CAR
XnoDKcKd524_aIxBMS_7lQ;3.7262043413957144;30.92009920203327;-2.296952336062901;5.018789652647475;2.3630514268366145;1.7800000000000296;-1.425062632497353;CAR
bPOdPr-weZ4yfqmnDYPyUA;10.255714700111639;5.141689090122782;-0.3805414777771432;4.971987968116989;2.264742721792884;1.829999999999984;-1.3712652906430998;CAR
cNRV2ULpN_c9_CwZOpsRrA;19.849502016566476;-8.116321740380045;-0.7861029293151489;5.326611730750998;2.203687197948111;1.9599999999999795;1.9297447482901333;CAR
d27U9BDdUPpJ_yonwk5dHA;-72.50665409951398;-13.319715571295092;2.236978647054457;4.846825282399457;2.333260129963116;1.7699999999999818;0.12340947832941485;CAR
g4oAW43dXNdQIm5Ije92Bw;16.44364441218204;5.949054926314602;-0.8648455294228938;4.260397836719464;2.026867157024965;2.0;1.7103077597487193;CAR
gWr7ViFp9CQ0Uh5HzRb-gw;20.39159058968835;-4.793560288693698;1.4927840398146373;0.16936748853830702;0.5814657463264936;0.2300000000000182;-1.5767237872829487;SIGN
hFn5HbmeQxJmWGNM9z8GdA;-14.191141444554887;-8.677129220365714;-0.0002740672271670519;4.562155376950733;1.9164572697651303;1.6399999999999864;-1.403212007938956;CAR
hozauR00RsgvD3vLs_YRtQ;13.06673592831794;-22.537543481035755;0.21206804512007693;5.310188117191313;2.163512771974774;1.759999999999991;-1.3994447108737404;CAR
jk9isHue7QjtDf0GqoCR6g;4.51211789647823;16.323525276170585;1.5642903721692676;0.13881655102718246;0.517526820684243;0.18999999999999773;1.7406874555125453;SIGN
k9OstxG43c0P5GCFCExNsA;0.5273971062324563;-6.435713062052855;0.12621868227833488;4.810023135106864;1.9280751764699817;1.5699999999999932;-1.4650059487956115;CAR
ktfvcrmibGVYJigpJgZZAg;-13.837607862416917;10.839291518346727;0.17103646417217533;4.601854095547462;2.206255929556728;1.759999999999991;1.7096064961964732;CAR
lM-hv65Oiwg1YIw0JIyl6g;26.167078977057827;-17.749135487797503;2.199271995820709;0.10447660098931831;0.4641460938334446;0.5;-1.3852971359620503;SIGN
mtZsARcXyNhsLhAxds0ONQ;37.10063436751807;-41.97776467884432;1.9481380293322275;0.07324253856797586;0.31713517503812044;0.18999999999999773;-3.0075332196747855;SIGN
pPz1JSCPy8Hyc4G2e3P_jQ;27.901144408602704;-29.342014837965507;-0.19664189018908473;5.865457652066109;2.485278172919571;2.2200000000000273;1.771620038334543;CAR
pqOLClofbmjtPT91ysd4Ag;4.965283888153863;-3.988353727246249;2.375954659757099;0.0584872186093606;0.4508511160008298;0.14999999999997726;2.8823460166725425;SIGN
rKTQbdKc0FWepAZnwYDohQ;4.547719613443405;16.3197967385604;1.7630608437365254;0.14615407855680024;0.7822904127607209;0.7599999999999909;1.7406874555120755;SIGN
s0L_knY_G70oWcUpfw996g;19.180372056443957;5.499406075491606;0.5971520530987391;0.07011148002410086;0.948478664204891;0.5099999999999909;-2.9752104194702613;SIGN
uyMi4BdVAyRvwi5ylIBIqA;-57.47717643125725;-11.051214082466686;1.270362850588043;4.251989735399412;1.9058206061670067;1.8000000000000114;0.12523318937035466;CAR
vtA30Zydp7XiaZ2Sc5xJpA;8.404327298769203;35.47271355294197;-2.900882233452961;4.422304326798983;2.1899506371438937;2.170000000000016;1.7299966767918606;CAR
xNRxds-9oSm_l7zJHdVfWA;-28.910154595387212;8.417966545201125;0.14802793384936308;4.4439699572537465;1.9351693716844494;1.660000000000025;1.7130884306471579;CAR
zr26RzD5X4_2lqkePzYiWQ;-36.565882390021216;-11.810080374832978;0.41240898313105845;4.124851501319638;1.8765714523626398;1.7200000000000273;-1.426999805698941;CAR
zsk_Sr0OnjJpBihUCXVbFw;15.541481481044684;11.345598763083217;-1.0615554352659728;4.679191751331773;1.9019556296033728;1.740000000000009;1.6753069757982137;CAR