13p-vvcIXHc_ZjZQD8IvRA;-58.85526795057922;3.986369181679038;1.3868280482914201;4.23904394706915;1.9342952158961981;1.8899999999999864;1.6577152572721383;CAR
39P8f-sIGqpKZuCKKZBauA;-25.517583377271876;5.504453569347788;1.2654141032452912;0.12185699308038539;0.4908943726398099;0.5099999999999909;0.14675361710990842;SIGN
3MZO6-VVQtrIyGAFMulcTg;-51.50006752571426;5.391033366018746;0.9969411830745116;4.3323276059548;1.9889920533248169;1.6499999999999773;1.7281766607918936;CAR
3mbZIAHtm9F4zpnfmCopEg;-74.38630112669853;1.5509220108215231;2.539112962520818;4.261777625229855;1.9689136290064984;1.6899999999999977;1.7348418468408768;CAR
431ChCZLYv1WIGcgMHfW3g;-5.029829762479494;-7.328233639162136;0.01757972008743991;4.017924159686435;1.8217347489587512;1.8999999999999773;-1.4365899219590588;CAR
4Fh970OcxUFZoP0FR8g3mg;-69.37474612581536;-3.1889353283104356;1.8770901119704604;3.9578067229375287;1.7504137873468941;1.240000000000009;-2.9781088302624203;CAR
4d48FhjiqclpfwTCfWHhYA;-75.82196760492843;-2.182755009147513;5.08602116831139;0.10825428382889768;0.5468135620234014;0.7200000000000273;0.09070771716326353;SIGN
5mGYRQo2hRXpDOkikvSSKg;36.06455263440694;-62.865084422869586;3.9430894654598205;0.10643660727300916;0.5200382334950586;0.4800000000000182;1.668230897291462;SIGN
6AXQEepAMeaZA--KP1vKUw;-62.84434580429479;-1.9783487455115392;1.4927536876989507;4.722530381289209;2.156975972020378;1.7699999999999818;-3.025371170564306;CAR
6k8wf2DIMHbQQ7aC-guUhw;20.15196086582;-4.649408325207332;1.6637088396870752;0.17257156242580732;0.88826136083378;0.910000000000025;-1.569767741110809;SIGN
7-OQSSfOjwG23gplrA_Ijw;-26.28223808630719;-6.58172376902985;0.1530726703256846;4.32943839792662;2.0129811359150716;1.6499999999999773;0.16044796726161614;CAR
78LgW2BRDGSMNKDcnvpN2g;-36.534164749355114;8.137254382530955;0.8460886707970019;3.3594676304431164;1.5846289228297814;1.5090257587797282;1.7127000643646086;CAR
7bPAzkhlUbgZo17j_uhJWA;-10.658525105694935;-3.9415696797368582;-0.2036289696127369;4.6810495260405185;2.0285250331662477;1.6399999999999864;0.14894365955798206;CAR
8cWxDuMt2Gn2LRP_vJgr-w;-9.290596548131361;6.407262878272377;-0.2099980381177602;4.682575078502768;2.048955477352823;1.7200000000000273;-3.0222971748706255;CAR
99HpjIdW9frUCY0zbmIBww;-67.03232875521644;2.4819587920819686;1.7263611157748926;5.275224189109437;2.1491375433070092;2.569999999999993;-1.383343082706463;CAR
A7IVralGxsMsJ0id8yrGTQ;2.0547721507282404;25.94245537655752;0.6624849050381272;0.13338514539281635;0.5335766230813884;0.6299999999999955;-1.338998401009146;SIGN
AD7-7Ma20f8Vpdta7QHamA;21.99881100865423;-14.000522084652403;-0.5547097612681284;5.85196240862241;2.3660526083348814;2.0600000000000023;1.9882482036630762;CAR
AtH2Kfx3lG5zuzlZ8qI91w;-51.48529356392282;-13.79556202020649;1.2095078327421902;3.491099683276316;1.58119633947104;1.6000000000000227;-1.3830444600039962;CAR
B42y3hluu9KKu_3l_7MyNg;-41.16563876628061;-8.603848580505655;0.5216102583130748;4.553756119335152;1.9856683310633676;1.5699999999999932;0.1573811548355626;CAR
Bz55H0VTaneIvVY40UwA3Q;-40.16822729147316;-10.322536011329248;1.6698649727472343;0.10990910628341696;0.5515391453248095;0.6100000000000136;0.08699489793283455;SIGN
DD2KcvlDlkv-j1bMhIgnUw;15.599713947407508;-34.22491134152915;0.638288954327578;4.9316864561552824;2.1506895477290593;1.5600000000000023;-1.3474802382646798;CAR
DXNKLJ3AJsS-wwS7eXlCrQ;-77.36585388921048;-4.495931467147784;2.5734214692749333;4.725195022675348;2.1676513314899455;1.6499999999999773;-2.9690649570344716;CAR
DbbLRvQ9ho1XyiWtcCnklA;31.461342320688345;-49.11101987141683;0.3106588192869424;5.682796722442328;2.631760576238644;2.7099999999999795;1.704352714011991;CAR
DsZkruUSRa_sax-pr1WLjA;18.783842702609036;5.6403359167543385;-0.29554532852770876;0.09356222016020457;0.8933601764816548;0.8299999999999841;-2.96825437329728;SIGN
ENR8J71Igxv_ZDHVVrIWfA;10.167872022864685;54.171708463530194;-2.607427392056792;0.13445902670581003;0.5564777245130175;0.660000000000025;-1.4271484005256558;SIGN
Ha0zUiS8cY2BXZeVYYoroA;-44.487424114588066;6.505002911348129;0.6004088713570184;4.17106506831895;1.966352354267207;1.829999999999984;1.7491723627903157;CAR
HzX_Acfx5SOpdR9Lp2F9DA;-39.40907842799788;1.8595947142030127;0.38177422049895426;3.7111937126258754;1.8429493286179108;1.9599999999999795;-2.976859648159796;CAR
LKDVkTtEI739qj-rzODkOA;-24.386933422249058;3.9606963664773502;0.211814383725482;4.332184913692891;1.9535516254975942;1.7699999999999818;-2.966579606074454;CAR
OiwgezXTj5zg5Jx_TwDcGw;13.40438641838773;23.02587133897123;-1.8247966954948538;5.766949629308678;2.293197569825523;2.1200000000000045;1.696151376913523;CAR
PCyzDM62oXM8lR5nItzb0Q;14.145128988337092;16.694614980063307;-1.3132730898427667;4.687385521045759;1.9813353863029735;1.5900000000000318;1.7591372497623041;CAR
P_aCIpCOKYbjKgS3hQ205g;16.83733698505239;0.8776793030592671;-0.8634020041112365;4.8727197869317695;2.16905110774016;1.5400000000000205;1.7588032692938231;CAR
QTkU_pVmFjL1EXr0uXYO3A;-31.717818961376906;3.0200574368946036;0.2154200676322091;4.071757288553068;2.008449366080804;1.6999999999999886;-2.956741859744836;CAR
QsaaTDu4_kZ5yreLX2x1Vg;-33.222105013073815;-7.504633049156837;0.41660736398975473;3.8597396463179066;1.7807141109239422;1.5300000000000296;0.3093577379496475;CAR
Sb9NKU1z7vYQmAdKG7LKSQ;-54.16696023986515;-0.5423868977459279;0.8408090348275152;4.12108254225606;1.9928090924541386;1.660000000000025;-3.014019760583061;CAR
TOjutZ88CSqrAfA0NqJMXg;-48.01550175744342;-9.742007601504156;0.7144837466697993;5.0950474552785;2.1975698071785876;1.9499999999999886;0.12624962804235107;CAR
UiHW1gPW_HQMSgrSsbNNkw;4.48848443352108;23.24475079918375;-1.5907257462044697;4.724638947338788;2.110562345348538;1.6999999999999886;-1.3960979945885783;CAR
VcKmbt_3t562ZlslF9K6uw;25.71746514404913;-22.59207010321188;-0.4878537030808161;4.689026023646982;2.1063293595055486;1.8899999999999864;1.952995448398731;CAR
Vgm8olEgb1mzz6efrA61Bg;-68.40353040717127;-6.5165524076928705;1.9728051670028321;3.9609839985140303;1.908614954793749;1.6499999999999773;-2.975763553692176;CAR
WrRK7wUYLNlqGXnZcw6TTQ;-17.23804989139353;5.284261089980646;-0.060123372701781364;4.212884754033844;1.8961861854405222;1.670000000000016;-2.9835904754427673;CAR
XnoDKcKd524_aIxBMS_7lQ;3.175063252723703;30.94643013949099;-2.3088638749302675;5.0187896526474765;2.363051426836614;1.7800000000000296;-1.418106586324916;CAR
bPOdPr-weZ4yfqmnDYPyUA;11.098545704066055;0.42906296449200454;-0.3763335479976888;4.971987968117575;2.2647427217949376;1.829999999999984;-1.3098723056306876;CAR
cB-jeCJKa4Epqr6QTmHPoQ;14.074338642956718;-35.34649469565284;3.3449368605388656;0.09573641333272352;0.4894902377341652;0.45999999999997954;1.771671628648054;SIGN
cNRV2ULpN_c9_CwZOpsRrA;19.58102167317338;-7.977718316734354;-0.8498800545198435;5.326611730750996;2.2036871979481143;1.9599999999999795;1.9367007944625705;CAR
cPudcbemzNx5Clzdsn6bTw;2.306964724291902;37.1132994863292;-2.5723625872440437;5.268979149466311;2.297934493218458;2.0500000000000114;-1.428475831933018;CAR
d27U9BDdUPpJ_yonwk5dHA;-72.72540008140277;-13.830983177074813;2.512101967104286;4.8468252823994655;2.333260129963113;1.7699999999999818;0.1303655245018498;CAR
g4oAW43dXNdQIm5Ije92Bw;16.0740877078224;6.072256776884387;-0.9278266305703937;4.26039783671946;2.026867157024966;2.0;1.7172638059211565;CAR
gWr7ViFp9CQ0Uh5HzRb-gw;20.10904015520282;-4.647452498214079;1.4152693508634115;0.1693674885383076;0.5814657463264953;0.2300000000000182;-1.5697677411105109;SIGN
hFn5HbmeQxJmWGNM9z8GdA;-14.449820647991146;-8.777046222543504;0.07976129483040495;4.562155376950732;1.91645726976513;1.6399999999999864;-1.3962559617665182;CAR
hozauR00RsgvD3vLs_YRtQ;12.890659782766306;-22.434099838235852;0.16345700451950052;5.310188117191315;2.1635127719747738;1.759999999999991;-1.3924886647013037;CAR
jk9isHue7QjtDf0GqoCR6g;4.079587654252464;16.3509593362769;1.5991977142980716;0.13881655102717827;0.5175268206842428;0.18999999999999773;1.747643501684978;SIGN
k9OstxG43c0P5GCFCExNsA;0.25323128564741637;-6.425483450411775;0.12353866377017653;4.810023135106863;1.9280751764699813;1.5699999999999932;-1.4580499026231744;CAR
ktfvcrmibGVYJigpJgZZAg;-14.234892280564964;10.740515095293631;0.2498798399063844;4.60185409554746;2.206255929556729;1.759999999999991;1.7165625423689095;CAR
lM-hv65Oiwg1YIw0JIyl6g;25.9802956241856;-17.564998340088096;2.0825401526095675;0.10447660098931942;0.4641460938334476;0.5;-1.378341089789616;SIGN
mtZsARcXyNhsLhAxds0ONQ;37.094344373817876;-41.69169316546777;1.783869972698568;0.07324253856797616;0.3171351750381112;0.18999999999999773;-3.0005771735023643;SIGN
pPz1JSCPy8Hyc4G2e3P_jQ;27.784221411127874;-29.147084555046604;-0.3070701428799225;5.865457652066107;2.485278172919569;2.2200000000000273;1.7785760845069811;CAR
pqOLClofbmjtPT91ysd4Ag;4.688372896955116;-3.959528391598724;2.3583195537866004;0.05848721860661821;0.45085111600145333;0.14999999999997726;2.8854129818350636;SIGN
rKTQbdKc0FWepAZnwYDohQ;4.116852109062165;16.347065152213872;1.7979112743608994;0.14615407855679993;0.7822904127607205;0.7599999999999909;1.7476435016845153;SIGN
s0L_knY_G70oWcUpfw996g;18.82751452415505;5.634249965443814;0.5342923689960344;0.07011148002409973;0.948478664204891;0.5099999999999909;-2.968254373297819;SIGN
uyMi4BdVAyRvwi5ylIBIqA;-57.71503653232685;-11.456427428292045;1.5022346873292634;4.251989735399404;1.9058206061670087;1.8000000000000114;0.13218923554279316;CAR
vtA30Zydp7XiaZ2Sc5xJpA;6.461951050850985;43.569854215879786;-3.6657831625816186;4.422304326798803;2.189950637141919;2.170000000000016;1.7251060236047246;CAR
xNRxds-9oSm_l7zJHdVfWA;-29.289734974378007;8.213578318654072;0.2903171848319346;4.443969957253744;1.9351693716844445;1.660000000000025;1.720044476819596;CAR
zr26RzD5X4_2lqkePzYiWQ;-36.80262799436787;-12.067866462891288;0.5619299636559845;4.124851501319639;1.8765714523626307;1.7200000000000273;-1.4200437595265019;CAR
zsk_Sr0OnjJpBihUCXVbFw;15.135363860150392;11.441566181411872;-1.1086159173868282;4.679191751331773;1.9019556296033702;1.740000000000009;1.6822630219706518;CAR