13p-vvcIXHc_ZjZQD8IvRA;-59.08990134828491;3.6980058881808873;1.4987221249834306;4.239043947069149;1.9342952158961966;1.8899999999999864;1.6625792484960087;CAR
2cGu8CsqQQ4wDHUTzB__NA;32.18184471825225;-54.25792116975663;0.40594975676376066;3.9947775081549755;1.875085111546374;1.8199999999999932;1.7584271506555673;CAR
39P8f-sIGqpKZuCKKZBauA;-25.75855570024578;5.379967184300767;1.3203618833850896;0.12185699308038284;0.490894372639809;0.5099999999999909;0.15161760833378146;SIGN
3MZO6-VVQtrIyGAFMulcTg;-51.74319309630846;5.138815673558383;1.088036072991656;4.332327605954803;1.9889920533248164;1.6499999999999773;1.7330406520157657;CAR
3mbZIAHtm9F4zpnfmCopEg;-74.60753308763742;1.186423970791111;2.6700966369665196;4.261777625229852;1.96891362900649;1.6899999999999977;1.739705838064749;CAR
431ChCZLYv1WIGcgMHfW3g;-5.212427992828452;-7.3529140958326025;0.0321824755666853;4.017924159686435;1.8217347489587514;1.8999999999999773;-1.4317259307351875;CAR
4Fh970OcxUFZoP0FR8g3mg;-69.57426371591646;-3.5286494750189377;1.999742454706734;3.9578067229375447;1.750413787346896;1.240000000000009;-2.973244839038544;CAR
4d48FhjiqclpfwTCfWHhYA;-76.0187548277263;-2.5618724031537567;5.221767903842931;0.10825428382889836;0.546813562023402;0.7200000000000273;0.09557170838714368;SIGN
5mGYRQo2hRXpDOkikvSSKg;36.152797638918855;-62.68616048295553;3.8726528516264125;0.1064366072730101;0.5200382334950595;0.4800000000000182;1.6730948885153296;SIGN
6AXQEepAMeaZA--KP1vKUw;-63.050354302535204;-2.28608941618495;1.6009756619525888;4.722530381289214;2.1569759720203776;1.7699999999999818;-3.020507179340436;CAR
6k8wf2DIMHbQQ7aC-guUhw;19.95875741119744;-4.549848236336402;1.6310271394212634;0.1725715624258083;0.8882613608337798;0.910000000000025;-1.5649037498869394;SIGN
7-OQSSfOjwG23gplrA_Ijw;-26.468079021329686;-6.710332096304228;0.20513077677725278;4.329438397926621;2.0129811359150724;1.6499999999999773;0.16531195848548963;CAR
78LgW2BRDGSMNKDcnvpN2g;-36.790946780480226;7.958198535258816;0.9171958353918797;3.359467630443115;1.5846289228297863;1.5090257587797282;1.717564055588479;CAR
7bPAzkhlUbgZo17j_uhJWA;-10.85427447328766;-3.99457013029496;-0.18235339040569443;4.6810495260405185;2.028525033166247;1.6399999999999864;0.15380765078185377;CAR
8cWxDuMt2Gn2LRP_vJgr-w;-9.541172576777171;6.361705693439035;-0.1890521302785828;4.682575078502767;2.048955477352823;1.7200000000000273;-3.017433183646754;CAR
8dRUrrUeDUubDlZfh3SdhQ;7.937332000739843;52.820562809975854;-4.551929333390774;4.674572714433578;2.103060205878869;1.8999999999999773;1.727371067061303;CAR
99HpjIdW9frUCY0zbmIBww;-67.25835522615671;2.1534547407627542;1.8515795187481388;5.275224189109438;2.149137543307014;2.569999999999993;-1.378479091482592;CAR
A7IVralGxsMsJ0id8yrGTQ;1.7097019445773185;25.951988955046545;0.6774597464395242;0.13338514539281496;0.5335766230813896;0.6299999999999955;-1.3341344097852676;SIGN
AD7-7Ma20f8Vpdta7QHamA;21.84702099414244;-13.890046940624414;-0.5898156736188014;5.851962408622412;2.3660526083348805;2.0600000000000023;1.9931121948869457;CAR
AtH2Kfx3lG5zuzlZ8qI91w;-51.633928084673244;-14.04756501625252;1.3002942198547203;3.4910996832763144;1.5811963394710513;1.6000000000000227;-1.3781804687801267;CAR
B42y3hluu9KKu_3l_7MyNg;-41.3408904132466;-8.805281776551965;0.5975724339476471;4.553756119335157;1.985668331063366;1.5699999999999932;0.16224514605943208;CAR
Bz55H0VTaneIvVY40UwA3Q;-40.33542091682466;-10.51873164440076;1.7385520551993636;0.10990910628341528;0.551539145324807;0.6100000000000136;0.0918588891567067;SIGN
DD2KcvlDlkv-j1bMhIgnUw;15.549403392067688;-34.148560028003885;0.6148301144546338;4.931686456155282;2.1506895477290584;1.5600000000000023;-1.3426162470408092;CAR
DXNKLJ3AJsS-wwS7eXlCrQ;-77.55673696515078;-4.875000471468411;2.7173148088500625;4.725195022675352;2.1676513314899424;1.6499999999999773;-2.964200965810608;CAR
DbbLRvQ9ho1XyiWtcCnklA;31.484491574272397;-48.95705437214201;0.2626850465186692;5.682796722442335;2.6317605762386433;2.7099999999999795;1.7092167052358622;CAR
DsZkruUSRa_sax-pr1WLjA;18.53672283440028;5.733908665517447;-0.32418402595524753;0.09356222016020609;0.8933601764816536;0.8299999999999841;-2.9633903820734067;SIGN
ENR8J71Igxv_ZDHVVrIWfA;9.678053176594403;54.22238745735467;-2.599478735412589;0.13445902670581536;0.5564777245130179;0.660000000000025;-1.4222844093017903;SIGN
Ha0zUiS8cY2BXZeVYYoroA;-44.735998056397875;6.287078237500282;0.6879988292134556;4.171065068318953;1.966352354267213;1.829999999999984;1.754036354014187;CAR
HzX_Acfx5SOpdR9Lp2F9DA;-39.63508458778415;1.6665767243648588;0.46196254187387353;3.711193712625887;1.8429493286179104;1.9599999999999795;-2.9719956569359285;CAR
LKDVkTtEI739qj-rzODkOA;-24.624138418126677;3.8411965756704376;0.26355073483784963;4.3321849136928865;1.9535516254975942;1.7699999999999818;-2.961715614850584;CAR
OiwgezXTj5zg5Jx_TwDcGw;13.070051050754046;23.091431912870576;-1.8352686520411794;5.766949629308681;2.293197569825522;2.1200000000000045;1.7010153681373943;CAR
PCyzDM62oXM8lR5nItzb0Q;13.842237138254859;16.763798967985167;-1.325602779269218;4.687385521045758;1.9813353863029748;1.5900000000000318;1.7640012409861736;CAR
P_aCIpCOKYbjKgS3hQ205g;16.612319419195046;0.9566647674664637;-0.8860269462507233;4.872719786931257;2.169051107739201;1.5400000000000205;1.7635780053819037;CAR
QTkU_pVmFjL1EXr0uXYO3A;-31.94973341869445;2.8620306562252154;0.2765433502962935;4.071757288553063;2.0084493660808054;1.6999999999999886;-2.951877868520965;CAR
QsaaTDu4_kZ5yreLX2x1Vg;-33.39837227202406;-7.68278952422861;0.47700183883804925;3.859739646317908;1.7807141109239424;1.5300000000000296;0.3142217291735183;CAR
Sb9NKU1z7vYQmAdKG7LKSQ;-54.38070784111369;-0.807591061419771;0.9425680293531116;4.1210825422560555;1.9928090924541395;1.660000000000025;-3.009155769359185;CAR
TOjutZ88CSqrAfA0NqJMXg;-48.1849172487091;-9.976972210151871;0.7955505030815004;5.095047455278495;2.197569807178589;1.9499999999999886;0.13111361926621923;CAR
UiHW1gPW_HQMSgrSsbNNkw;4.153290946816924;23.26670620394634;-1.5854040513395091;4.724638947338788;2.1105623453485385;1.6999999999999886;-1.391234003364707;CAR
VcKmbt_3t562ZlslF9K6uw;25.60965045253033;-22.465535975373314;-0.535718598289634;4.689026023646982;2.1063293595055534;1.8899999999999864;1.9578594396226023;CAR
Vgm8olEgb1mzz6efrA61Bg;-70.73307723657308;-7.225066238724139;2.2822936439084174;3.9609839985138477;1.9086149547934426;1.6499999999999773;-2.970721650234127;CAR
WrRK7wUYLNlqGXnZcw6TTQ;-17.483851769467947;5.198311795917107;-0.022814160666797534;4.212884754033846;1.8961861854405224;1.670000000000016;-2.978726484218896;CAR
XnoDKcKd524_aIxBMS_7lQ;2.800117048973334;30.962149172676618;-2.312046474815503;5.0187896526474765;2.363051426836614;1.7800000000000296;-1.4132425951010448;CAR
XrmgxaI82TP40NS8GUNwWw;17.497090865543214;-44.84411013011777;1.1013483483436346;4.9913845536296275;2.2541783104013278;2.0600000000000023;-1.327101499945649;CAR
bPOdPr-weZ4yfqmnDYPyUA;11.280689719373186;-0.9686383765401843;-0.395284013926954;4.971987968118567;2.2647427217946396;1.829999999999984;-1.3007646925257879;CAR
cB-jeCJKa4Epqr6QTmHPoQ;14.03067070317229;-35.27284620547016;3.309943519647078;0.09573641333272455;0.489490237734165;0.45999999999997954;1.7765356198719218;SIGN
cNRV2ULpN_c9_CwZOpsRrA;19.39975311343369;-7.881832737984041;-0.8783326090127446;5.3266117307509955;2.2036871979481143;1.9599999999999795;1.9415647856864418;CAR
cPudcbemzNx5Clzdsn6bTw;1.9027756036703067;37.124623688426254;-2.557758887994652;5.268979149466312;2.297934493218459;2.0500000000000114;-1.4236118407091451;CAR
d27U9BDdUPpJ_yonwk5dHA;-72.87161095562442;-14.187162396528947;2.6337521048175176;4.846825282399472;2.3332601299631133;1.7699999999999818;0.13522951572572017;CAR
g4oAW43dXNdQIm5Ije92Bw;15.823375796058826;6.153351246034617;-0.9536754136856871;4.260397836719464;2.026867157024964;2.0;1.7221277971450277;CAR
gWr7ViFp9CQ0Uh5HzRb-gw;19.9149054962254;-4.547955644123249;1.3826559711703794;0.1693674885383087;0.5814657463264891;0.2300000000000182;-1.5649037498866378;SIGN
hFn5HbmeQxJmWGNM9z8GdA;-14.624749717251689;-8.847537863248363;0.1120716101474386;4.562155376950731;1.9164572697651292;1.6399999999999864;-1.3913919705426478;CAR
hozauR00RsgvD3vLs_YRtQ;12.778144804860858;-22.36734607735707;0.1428781437584803;5.310188117191308;2.1635127719747707;1.759999999999991;-1.3876246734774338;CAR
jk9isHue7QjtDf0GqoCR6g;3.782543034209084;16.36985153823025;1.608501135633702;0.13881655102718338;0.5175268206842428;0.18999999999999773;1.7525074929088493;SIGN
k9OstxG43c0P5GCFCExNsA;0.06669783588768041;-6.422093109343223;0.12376105389566305;4.810023135106863;1.9280751764699815;1.5699999999999932;-1.4531859113993033;CAR
ktfvcrmibGVYJigpJgZZAg;-14.505635427447487;10.670591174749461;0.28220240074165304;4.60185409554746;2.206255929556726;1.759999999999991;1.7214265335927799;CAR
lM-hv65Oiwg1YIw0JIyl6g;25.851128705877272;-17.437438494387607;2.035000912982923;0.10447660098932224;0.46414609383344674;0.5;-1.3734770985657405;SIGN
mtZsARcXyNhsLhAxds0ONQ;37.08579290302987;-41.502419151458525;1.7157189350612327;0.0732425385679668;0.31713517503810806;0.18999999999999773;-2.995713182278497;SIGN
pPz1JSCPy8Hyc4G2e3P_jQ;27.707549444483448;-29.011025529705876;-0.35411880070239476;5.865457652066108;2.4852781729195694;2.2200000000000273;1.7834400757308515;CAR
pqOLClofbmjtPT91ysd4Ag;4.490206682849021;-3.9346558259785525;2.352110857601531;0.05848721860924598;0.45085111600248684;0.14999999999997726;2.892865738123162;SIGN
rKTQbdKc0FWepAZnwYDohQ;3.820574518997091;16.36601278046237;1.8071753655975726;0.14615407855680054;0.7822904127607202;0.7599999999999909;1.7525074929083848;SIGN
s0L_knY_G70oWcUpfw996g;18.583235593225254;5.726654043272902;0.5068530809137428;0.0701114800241026;0.9484786642048902;0.5099999999999909;-2.963390382073953;SIGN
uyMi4BdVAyRvwi5ylIBIqA;-57.874456403576914;-11.739011171606762;1.6029006826201737;4.25198973539941;1.905820606167007;1.8000000000000114;0.13705322676666176;CAR
v5Egk7Rf1X0hXa8VgyfwEA;33.71394091531147;-61.509099549123675;0.8487881147954965;4.430239434488031;2.103563600125226;2.0300000000000296;1.7877408204044043;CAR
vtA30Zydp7XiaZ2Sc5xJpA;5.630842602622579;45.91957515114336;-3.902297221051839;4.422304326799086;2.189950637142036;2.170000000000016;1.7300001206374889;CAR
xNRxds-9oSm_l7zJHdVfWA;-29.547783042868105;8.070066603696432;0.3494196857359668;4.443969957253747;1.9351693716844505;1.660000000000025;1.7249084680434663;CAR
zr26RzD5X4_2lqkePzYiWQ;-36.961008156315074;-12.247937579395511;0.6269512743208452;4.124851501319639;1.8765714523626376;1.7200000000000273;-1.4151797683026313;CAR
zsk_Sr0OnjJpBihUCXVbFw;14.858637689581883;11.512072572822944;-1.1292503208518383;4.679191751331771;1.9019556296033706;1.740000000000009;1.687127013194523;CAR