13p-vvcIXHc_ZjZQD8IvRA;-59.236029209210756;3.47613347888273;1.5306605286497756;4.23904394706915;1.9342952158961946;1.8899999999999864;1.6663038760452302;CAR
2cGu8CsqQQ4wDHUTzB__NA;32.25093885366914;-54.13892165511061;0.4037238001561434;3.9947775081549683;1.8750851115463745;1.8199999999999932;1.762151778204787;CAR
39P8f-sIGqpKZuCKKZBauA;-25.91013997009395;5.282724589787904;1.3365197403496722;0.12185699308038546;0.49089437263980934;0.5099999999999909;0.15534223588299856;SIGN
3MZO6-VVQtrIyGAFMulcTg;-51.89532399797645;4.944326515544162;1.1121268196423557;4.332327605954801;1.988992053324817;1.6499999999999773;1.7367652795649873;CAR
3mbZIAHtm9F4zpnfmCopEg;-74.74394151589513;0.9067940892655315;2.706070291884572;4.261777625229857;1.968913629006494;1.6899999999999977;1.7434304656139696;CAR
431ChCZLYv1WIGcgMHfW3g;-5.318485937794321;-7.373794256052861;0.03918791709048719;4.017924159686435;1.8217347489587512;1.8999999999999773;-1.428001303185967;CAR
4Fh970OcxUFZoP0FR8g3mg;-69.69346261972169;-3.789559390172144;2.034619438817458;3.957806722937532;1.7504137873468946;1.240000000000009;-2.969520211489328;CAR
4d48FhjiqclpfwTCfWHhYA;-76.13887373580474;-2.850077328093903;5.260432229000571;0.10825428382889993;0.5468135620234013;0.7200000000000273;0.09929633593635945;SIGN
5mGYRQo2hRXpDOkikvSSKg;36.2515713542889;-62.550552925681586;3.866202594888591;0.10643660727300257;0.5200382334950703;0.4800000000000182;1.6768195160645378;SIGN
6AXQEepAMeaZA--KP1vKUw;-63.17443931274829;-2.5226632537214755;1.6309112437897966;4.7225303812892;2.1569759720203785;1.7699999999999818;-3.0167825517912132;CAR
6k8wf2DIMHbQQ7aC-guUhw;19.842997585608828;-4.4759756178254975;1.6236206833155222;0.17257156242580837;0.8882613608337774;0.910000000000025;-1.5611791223377167;SIGN
7-OQSSfOjwG23gplrA_Ijw;-26.576310355940223;-6.810534843865753;0.22237059852369612;4.329438397926618;2.0129811359150716;1.6499999999999773;0.1690365860347085;CAR
78LgW2BRDGSMNKDcnvpN2g;-36.95364075147154;7.819445299020117;0.9365085914973577;3.359467630443116;1.584628922829786;1.5090257587797282;1.7212886831377006;CAR
7bPAzkhlUbgZo17j_uhJWA;-10.971018372852996;-4.036981018665756;-0.17500823600192916;4.68104952604052;2.0285250331662468;1.6399999999999864;0.15753227833107397;CAR
8cWxDuMt2Gn2LRP_vJgr-w;-9.698694954908206;6.324562050577697;-0.1837514524178232;4.682575078502765;2.048955477352822;1.7200000000000273;-3.0137085560975323;CAR
8dRUrrUeDUubDlZfh3SdhQ;7.604356446059683;52.847891973016885;-4.559527378489804;4.674572714433569;2.1030602058788728;1.8999999999999773;1.7310956946105298;CAR
99HpjIdW9frUCY0zbmIBww;-67.39835115176174;1.9011814211899036;1.8873308053683502;5.275224189109438;2.1491375433070194;2.569999999999993;-1.3747544639333718;CAR
A7IVralGxsMsJ0id8yrGTQ;1.4794455382980232;25.956698150230295;0.6796505487297395;0.13338514539281943;0.5335766230813891;0.6299999999999955;-1.330409782236049;SIGN
AD7-7Ma20f8Vpdta7QHamA;21.764607133762183;-13.808562792803968;-0.5955257608942759;5.851962408622406;2.366052608334879;2.0600000000000023;1.9968368224361681;CAR
AtH2Kfx3lG5zuzlZ8qI91w;-51.71418816199912;-14.241511814874684;1.3287186364966033;3.4910996832763153;1.5811963394710538;1.6000000000000227;-1.3744558412309031;CAR
B42y3hluu9KKu_3l_7MyNg;-41.4410651302187;-8.960931769213857;0.6214110555023069;4.553756119335147;1.985668331063365;1.5699999999999932;0.16596977360865495;CAR
Bz55H0VTaneIvVY40UwA3Q;-40.42964196524372;-10.670295197184714;1.7595462935967703;0.10990910628341294;0.5515391453248094;0.6100000000000136;0.0955835167059198;SIGN
DD2KcvlDlkv-j1bMhIgnUw;15.543535100459849;-34.09175162788051;0.617163262691264;4.931686456155284;2.150689547729055;1.5600000000000023;-1.338891619491588;CAR
DXNKLJ3AJsS-wwS7eXlCrQ;-77.67012894022264;-5.165624970964018;2.7599886611978377;4.725195022675366;2.1676513314899437;1.6499999999999773;-2.960476338261386;CAR
DbbLRvQ9ho1XyiWtcCnklA;31.534113588357286;-48.840679508377434;0.26244655826715757;5.6827967224423315;2.6317605762386473;2.7099999999999795;1.712941332785082;CAR
DsZkruUSRa_sax-pr1WLjA;18.38156838575378;5.802348804084431;-0.3325081614541716;0.0935622201602056;0.8933601764816542;0.8299999999999841;-2.9596657545241816;SIGN
ENR8J71Igxv_ZDHVVrIWfA;9.340200412785634;54.25678075882024;-2.6042197736498736;0.13445902670580567;0.5564777245130185;0.660000000000025;-1.4185597817525673;SIGN
Ha0zUiS8cY2BXZeVYYoroA;-44.89229701601653;6.118669238695475;0.7128208274429824;4.171065068318952;1.9663523542672172;1.829999999999984;1.7577609815634077;CAR
HzX_Acfx5SOpdR9Lp2F9DA;-39.774156908035366;1.5172096115411478;0.4861565872827498;3.711193712625879;1.8429493286179117;1.9599999999999795;-2.9682710293867034;CAR
LKDVkTtEI739qj-rzODkOA;-24.77170448607467;3.7478131368325194;0.27890840202701384;4.332184913692886;1.9535516254975933;1.7699999999999818;-2.957990987301363;CAR
OiwgezXTj5zg5Jx_TwDcGw;12.849375067018627;23.138394395505202;-1.8406764314201496;5.766949629308678;2.293197569825525;2.1200000000000045;1.7047399956866158;CAR
PCyzDM62oXM8lR5nItzb0Q;13.645321854744907;16.813707582135066;-1.3301704082888932;4.687385521045762;1.9813353863029737;1.5900000000000318;1.767725868535396;CAR
P_aCIpCOKYbjKgS3hQ205g;16.47449923563181;1.0153431469834686;-0.8909922829102754;4.872719786931992;2.1690511077403927;1.5400000000000205;1.767258011635711;CAR
QTkU_pVmFjL1EXr0uXYO3A;-32.09327585552455;2.7399642783620948;0.293944924462636;4.071757288553061;2.0084493660808045;1.6999999999999886;-2.9481532409717444;CAR
QsaaTDu4_kZ5yreLX2x1Vg;-33.500489439307785;-7.816603404405214;0.4959084098330493;3.8597396463179052;1.7807141109239442;1.5300000000000296;0.3179463567227443;CAR
Sb9NKU1z7vYQmAdKG7LKSQ;-54.51039621382188;-1.0119231023536486;0.9723323034037605;4.121082542256063;1.992809092454139;1.660000000000025;-3.005431141809966;CAR
TOjutZ88CSqrAfA0NqJMXg;-48.28073061549003;-10.158092244795625;0.8195268294505524;5.095047455278488;2.1975698071785867;1.9499999999999886;0.13483824681544032;CAR
UiHW1gPW_HQMSgrSsbNNkw;3.9320680522669136;23.28039506789537;-1.5864561317331152;4.7246389473387875;2.1105623453485385;1.6999999999999886;-1.3875093758154886;CAR
VcKmbt_3t562ZlslF9K6uw;25.560227202429814;-22.371065594070387;-0.5443460430444134;4.689026023646978;2.1063293595055503;1.8899999999999864;1.961584067171822;CAR
Vgm8olEgb1mzz6efrA61Bg;-71.91545811424476;-7.6820057654686025;2.4243887617881796;3.960983998514153;1.9086149547941058;1.6499999999999773;-2.9667938914025878;CAR
WrRK7wUYLNlqGXnZcw6TTQ;-17.637425748225724;5.130791615819362;-0.012179598416850013;4.212884754033842;1.8961861854405215;1.670000000000016;-2.975001856669676;CAR
XnoDKcKd524_aIxBMS_7lQ;2.549386868102374;30.970711997417308;-2.31966260322352;5.018789652647468;2.3630514268366145;1.7800000000000296;-1.4095179675518221;CAR
XrmgxaI82TP40NS8GUNwWw;17.531088838264623;-44.77985079757036;1.0990812122731484;4.991384553629628;2.2541783104013313;2.0600000000000023;-1.3233768723964268;CAR
bPOdPr-weZ4yfqmnDYPyUA;11.365108332440286;-1.6890167543770076;-0.4003901292377634;4.971987968117032;2.264742721794987;1.829999999999984;-1.2969972882174143;CAR
cB-jeCJKa4Epqr6QTmHPoQ;14.028712705112412;-35.218830093853285;3.3061760323996907;0.09573641333271464;0.4894902377341644;0.45999999999997954;1.7802602474211273;SIGN
cNRV2ULpN_c9_CwZOpsRrA;19.295046221765006;-7.810949652235649;-0.8830695305850611;5.326611730750999;2.203687197948113;1.9599999999999795;1.9452894132356633;CAR
cPudcbemzNx5Clzdsn6bTw;1.6295640648640983;37.12973131729541;-2.5582642430463522;5.268979149466312;2.2979344932184578;2.0500000000000114;-1.4198872131599267;CAR
d27U9BDdUPpJ_yonwk5dHA;-72.95074933774049;-14.460198674069943;2.669303218644245;4.846825282399465;2.3332601299631137;1.7699999999999818;0.13895414327493727;CAR
g4oAW43dXNdQIm5Ije92Bw;15.665935004322819;6.212037314013287;-0.9617651700217493;4.260397836719461;2.026867157024967;2.0;1.7258524246942493;CAR
gWr7ViFp9CQ0Uh5HzRb-gw;19.79890906930632;-4.474310567049542;1.3752664380527904;0.16936748853830877;0.5814657463264918;0.2300000000000182;-1.561179122337418;SIGN
hFn5HbmeQxJmWGNM9z8GdA;-14.724898828078949;-8.903430199048671;0.12458154912627606;4.562155376950733;1.91645726976513;1.6399999999999864;-1.3876673429934254;CAR
hozauR00RsgvD3vLs_YRtQ;12.726173813529385;-22.31916181534507;0.14283861504770812;5.310188117191314;2.1635127719747715;1.759999999999991;-1.3839000459282107;CAR
jk9isHue7QjtDf0GqoCR6g;3.588327575916992;16.38220126691067;1.6108897431580829;0.13881655102717952;0.5175268206842419;0.18999999999999773;1.7562321204580629;SIGN
k9OstxG43c0P5GCFCExNsA;-0.04258537206624169;-6.422168506268463;0.1254329511666299;4.810023135106861;1.928075176469981;1.5699999999999932;-1.449461283850082;CAR
ktfvcrmibGVYJigpJgZZAg;-14.678909740030576;10.614934781149714;0.2902433875509587;4.60185409554746;2.206255929556727;1.759999999999991;1.7251511611420032;CAR
lM-hv65Oiwg1YIw0JIyl6g;25.783816617447883;-17.341763732752042;2.0254643937360015;0.10447660098932147;0.46414609383344413;0.5;-1.3697524710165234;SIGN
mtZsARcXyNhsLhAxds0ONQ;37.10976894993837;-41.36121130225365;1.7058600482002078;0.07324253856797713;0.317135175038109;0.18999999999999773;-2.9919885547292626;SIGN
pPz1JSCPy8Hyc4G2e3P_jQ;27.681966511785504;-28.908931721001863;-0.3599970285267773;5.865457652066102;2.4852781729195668;2.2200000000000273;1.787164703280073;CAR
pqOLClofbmjtPT91ysd4Ag;4.3712486107597215;-3.9179764497239375;2.351728273743049;0.058487218609467234;0.4508511160012941;0.14999999999997726;2.8978845662581403;SIGN
rKTQbdKc0FWepAZnwYDohQ;3.626557285146191;16.378553822099093;1.8095597937609682;0.1461540785568013;0.782290412760721;0.7599999999999909;1.7562321204576108;SIGN
s0L_knY_G70oWcUpfw996g;18.42925352326347;5.794736424646544;0.49914603972695204;0.07011148002410207;0.9484786642048918;0.5099999999999909;-2.959665754524728;SIGN
uyMi4BdVAyRvwi5ylIBIqA;-57.96315400372805;-11.956216266622505;1.6332800231228646;4.251989735399407;1.9058206061670102;1.8000000000000114;0.1407778543158873;CAR
v5Egk7Rf1X0hXa8VgyfwEA;33.80721422758688;-61.38411859333792;0.8448599858200794;4.430239434488033;2.103563600125218;2.0300000000000296;1.7914654479536267;CAR
vtA30Zydp7XiaZ2Sc5xJpA;5.12307704327759;47.09642918042027;-4.028302953975498;4.4223043267982325;2.1899506371423563;2.170000000000016;1.7337397989756713;CAR
xNRxds-9oSm_l7zJHdVfWA;-29.711160299166295;7.958291099103008;0.3655479548753249;4.443969957253747;1.9351693716844482;1.660000000000025;1.7286330955926879;CAR
zr26RzD5X4_2lqkePzYiWQ;-37.04842015039503;-12.387199600955682;0.6478368907409049;4.124851501319634;1.8765714523626367;1.7200000000000273;-1.4114551407534106;CAR
zsk_Sr0OnjJpBihUCXVbFw;14.68145388386256;11.56408410979202;-1.1363545447829893;4.6791917513317705;1.9019556296033697;1.740000000000009;1.6908516407437428;CAR