13p-vvcIXHc_ZjZQD8IvRA;-59.40101516778486;3.1787750806415715;1.5585829282757118;4.239043947069151;1.9342952158961946;1.8899999999999864;1.671273379815311;CAR
2cGu8CsqQQ4wDHUTzB__NA;32.37106087752181;-53.979644384717176;0.35738759649697727;3.9947775081549692;1.8750851115463762;1.8199999999999932;1.7671212819748687;CAR
39P8f-sIGqpKZuCKKZBauA;-26.083386417334623;5.152128333406836;1.3537820287671138;0.12185699308038431;0.4908943726398096;0.5099999999999909;0.16031173965307888;SIGN
3MZO6-VVQtrIyGAFMulcTg;-52.0682277374799;4.683904324951072;1.134252960107176;4.3323276059548;1.988992053324822;1.6499999999999773;1.7417347833350671;CAR
3mbZIAHtm9F4zpnfmCopEg;-74.89582917001462;0.5315400413028328;2.7341458426554084;4.261777625229854;1.9689136290064995;1.6899999999999977;1.7483999693840495;CAR
431ChCZLYv1WIGcgMHfW3g;-5.430827194806625;-7.401697829260229;0.038542994252281915;4.017924159686434;1.8217347489587508;1.8999999999999773;-1.4230317994158856;CAR
4Fh970OcxUFZoP0FR8g3mg;-69.82231384259285;-4.138955581111077;2.058073981185771;3.957806722937541;1.7504137873468955;1.240000000000009;-2.964550707719246;CAR
4d48FhjiqclpfwTCfWHhYA;-76.26995984591485;-3.2373411996795767;5.287795090596887;0.10825428382888753;0.5468135620234005;0.7200000000000273;0.1042658397064149;SIGN
5mGYRQo2hRXpDOkikvSSKg;36.4114346147835;-62.37196363141811;3.8087888475674845;0.10643660727300698;0.5200382334950695;0.4800000000000182;1.6817890198346284;SIGN
6AXQEepAMeaZA--KP1vKUw;-63.309864380355066;-2.8395317074227933;1.6512154928403788;4.722530381289206;2.1569759720203785;1.7699999999999818;-3.0118130480211347;CAR
6k8wf2DIMHbQQ7aC-guUhw;19.71674456531946;-4.37886441716455;1.6137554701699912;0.17257156242580732;0.8882613608337826;0.910000000000025;-1.5562096185676388;SIGN
7-OQSSfOjwG23gplrA_Ijw;-26.691115467601776;-6.944225470832862;0.23017851806019962;4.329438397926621;2.0129811359150707;1.6499999999999773;0.17400608980478927;CAR
78LgW2BRDGSMNKDcnvpN2g;-37.14094170770841;7.633473034819873;0.9579419426478069;3.3594676304431164;1.5846289228297863;1.5090257587797282;1.7262581869077813;CAR
7bPAzkhlUbgZo17j_uhJWA;-11.098039888158382;-4.093186817480273;-0.173032241610656;4.6810495260405185;2.0285250331662477;1.6399999999999864;0.16250178210115518;CAR
8cWxDuMt2Gn2LRP_vJgr-w;-9.879176599244602;6.274933815451732;-0.17185576730287266;4.682575078502766;2.0489554773528216;1.7200000000000273;-3.008739052327453;CAR
8dRUrrUeDUubDlZfh3SdhQ;7.190533343029529;52.887030788225275;-4.521277181112907;4.674572714433564;2.103060205878869;1.8999999999999773;1.7360651983806052;CAR
99HpjIdW9frUCY0zbmIBww;-67.55516226297368;1.5627144683412553;1.9168312937905227;5.275224189109437;2.1491375433070217;2.569999999999993;-1.3697849601632919;CAR
A7IVralGxsMsJ0id8yrGTQ;1.2013834590234183;25.96216842382728;0.7037637531474843;0.13338514539281662;0.5335766230813896;0.6299999999999955;-1.325440278465966;SIGN
AD7-7Ma20f8Vpdta7QHamA;21.683416901081728;-13.699859939832095;-0.6115632500587083;5.851962408622408;2.3660526083348774;2.0600000000000023;2.001806326206248;CAR
AtH2Kfx3lG5zuzlZ8qI91w;-51.7914165839793;-14.500955264276854;1.3385951327510952;3.4910996832763117;1.581196339471044;1.6000000000000227;-1.3694863374608242;CAR
B42y3hluu9KKu_3l_7MyNg;-41.54489084520901;-9.168799686730381;0.6323693478294388;4.553756119335153;1.9856683310633647;1.5699999999999932;0.1709392773787317;CAR
Bz55H0VTaneIvVY40UwA3Q;-40.5254838535875;-10.873358694837407;1.766287235871971;0.10990910628341774;0.55153914532481;0.6100000000000136;0.10055302047600456;SIGN
DD2KcvlDlkv-j1bMhIgnUw;15.564115706602024;-34.0158822839403;0.5909515487087162;4.931686456155283;2.15068954772906;1.5600000000000023;-1.3339221157215082;CAR
DXNKLJ3AJsS-wwS7eXlCrQ;-77.79140129663392;-5.555418181010282;2.789200091283476;4.725195022675367;2.167651331489945;1.6499999999999773;-2.955506834491302;CAR
DbbLRvQ9ho1XyiWtcCnklA;31.62816859958184;-48.685283046301265;0.2226081140495637;5.682796722442325;2.6317605762386473;2.7099999999999795;1.7179108365551663;CAR
DsZkruUSRa_sax-pr1WLjA;18.203762424336674;5.893091318636834;-0.3309319090898555;0.09356222016020867;0.893360176481654;0.8299999999999841;-2.9546962507541035;SIGN
ENR8J71Igxv_ZDHVVrIWfA;8.91957766037558;54.303956757989;-2.56170505810141;0.1344590267058077;0.5564777245130185;0.660000000000025;-1.413590277982483;SIGN
Ha0zUiS8cY2BXZeVYYoroA;-45.070927989343545;5.893268869118401;0.7374452581927642;4.171065068318953;1.9663523542672094;1.829999999999984;1.7627304853334884;CAR
HzX_Acfx5SOpdR9Lp2F9DA;-39.92992895292082;1.317437777323903;0.5067181097782907;3.711193712625881;1.842949328617911;1.9599999999999795;-2.9633015256166244;CAR
LKDVkTtEI739qj-rzODkOA;-24.939003215251432;3.622875529761586;0.29416448574363585;4.332184913692889;1.9535516254975946;1.7699999999999818;-2.953021483531283;CAR
OiwgezXTj5zg5Jx_TwDcGw;12.584352541598491;23.201825642699987;-1.8253882336825313;5.766949629308677;2.2931975698255247;2.1200000000000045;1.7097094994566957;CAR
PCyzDM62oXM8lR5nItzb0Q;13.41187384382647;16.88098606627409;-1.3194304842408542;4.687385521045763;1.9813353863029732;1.5900000000000318;1.7726953723054768;CAR
P_aCIpCOKYbjKgS3hQ205g;16.319681595841757;1.0948570203581767;-0.894022556983856;4.872719786930531;2.1690511077410948;1.5400000000000205;1.7721828587062216;CAR
QTkU_pVmFjL1EXr0uXYO3A;-32.255143661201146;2.577289674311942;0.30958878902382025;4.071757288553065;2.008449366080805;1.6999999999999886;-2.9431837372016654;CAR
QsaaTDu4_kZ5yreLX2x1Vg;-33.607749777995195;-7.9926543651909014;0.5037647771153786;3.8597396463179003;1.780714110923944;1.5300000000000296;0.3229158604928237;CAR
Sb9NKU1z7vYQmAdKG7LKSQ;-54.653392281383276;-1.2852031380753033;0.994700847829364;4.121082542256061;1.9928090924541397;1.660000000000025;-3.000461638039883;CAR
TOjutZ88CSqrAfA0NqJMXg;-48.378617927926825;-10.400236457574465;0.8288541287955979;5.095047455278492;2.1975698071785876;1.9499999999999886;0.13980775058551798;CAR
UiHW1gPW_HQMSgrSsbNNkw;3.6664918487313116;23.29943605893186;-1.5676411235637886;4.7246389473387875;2.1105623453485385;1.6999999999999886;-1.3825398720454074;CAR
VcKmbt_3t562ZlslF9K6uw;25.522599083091336;-22.244455474959977;-0.5703092644167214;4.6890260236469805;2.106329359505549;1.8899999999999864;1.9665535709419046;CAR
Vgm8olEgb1mzz6efrA61Bg;-73.10176925718224;-8.24023120840593;2.552270359852571;3.960983998516281;1.9086149547932563;1.6499999999999773;-2.961621095172874;CAR
WrRK7wUYLNlqGXnZcw6TTQ;-17.812548879570386;5.040839142659934;0.0003111103756339162;4.212884754033844;1.8961861854405218;1.670000000000016;-2.9700323528995964;CAR
XnoDKcKd524_aIxBMS_7lQ;2.2448459788520267;30.983356254189857;-2.3009080267819684;5.018789652647475;2.3630514268366136;1.7800000000000296;-1.4045484637817436;CAR
XrmgxaI82TP40NS8GUNwWw;17.604689709929517;-44.6944830143193;1.0592275838418743;4.991384553629627;2.254178310401332;2.0600000000000023;-1.318407368626349;CAR
bPOdPr-weZ4yfqmnDYPyUA;11.442701008149015;-2.3941267129212065;-0.4071256155552021;4.971987968116372;2.2647427217936786;1.829999999999984;-1.2919849737455278;CAR
cB-jeCJKa4Epqr6QTmHPoQ;14.054382129175792;-35.14946065010099;3.2727228484671116;0.09573641333271449;0.4894902377341638;0.45999999999997954;1.7852297511912285;SIGN
cNRV2ULpN_c9_CwZOpsRrA;19.18421067552299;-7.715741031513971;-0.8932074888727755;5.326611730750997;2.2036871979481116;1.9599999999999795;1.950258917005744;CAR
cPudcbemzNx5Clzdsn6bTw;1.294928763220014;37.13774629395084;-2.5271614042389103;5.268979149466318;2.2979344932184573;2.0500000000000114;-1.4149177093898468;CAR
d27U9BDdUPpJ_yonwk5dHA;-73.02632013145012;-14.826333046670698;2.6838474702304893;4.846825282399452;2.3332601299631133;1.7699999999999818;0.1439236470450167;CAR
g4oAW43dXNdQIm5Ije92Bw;15.485014161944491;6.290316978697774;-0.9635089158161918;4.260397836719463;2.026867157024963;2.0;1.73082192846433;CAR
gWr7ViFp9CQ0Uh5HzRb-gw;19.672479102509897;-4.37697420585755;1.3654151181689258;0.16936748853830733;0.5814657463264894;0.2300000000000182;-1.5562096185673389;SIGN
hFn5HbmeQxJmWGNM9z8GdA;-14.829243546038924;-8.977958839611347;0.12711380824549678;4.562155376950731;1.9164572697651285;1.6399999999999864;-1.3826978392233455;CAR
hozauR00RsgvD3vLs_YRtQ;12.686106243863833;-22.255338551699424;0.12414305160382355;5.310188117191314;2.1635127719747738;1.759999999999991;-1.3789305421581313;CAR
jk9isHue7QjtDf0GqoCR6g;3.3580838866200793;16.397505711260237;1.6271393396856695;0.1388165510271814;0.5175268206842428;0.18999999999999773;1.7612016242281534;SIGN
k9OstxG43c0P5GCFCExNsA;-0.1570100019180245;-6.427387723657375;0.12375056275911334;4.810023135106861;1.9280751764699813;1.5699999999999932;-1.4444917800800017;CAR
ktfvcrmibGVYJigpJgZZAg;-14.880643807540764;10.540119725042132;0.30520193711583943;4.601854095547459;2.206255929556729;1.759999999999991;1.7301206649120822;CAR
lM-hv65Oiwg1YIw0JIyl6g;25.721854518436885;-17.21538582667472;2.002967550671883;0.10447660098931942;0.46414609383344696;0.5;-1.3647829672464502;SIGN
mtZsARcXyNhsLhAxds0ONQ;37.16872420413165;-41.17433568465185;1.6634653846945469;0.07324253856797242;0.3171351750381172;0.18999999999999773;-2.987019050959203;SIGN
pPz1JSCPy8Hyc4G2e3P_jQ;27.676224519002062;-28.772244284527005;-0.3886400600634943;5.865457652066106;2.4852781729195677;2.2200000000000273;1.7921342070501556;CAR
pqOLClofbmjtPT91ysd4Ag;4.241364832163526;-3.8975960123643745;2.347719263570582;0.05848721860716234;0.45085111600160965;0.14999999999997726;2.904149297519928;SIGN
rKTQbdKc0FWepAZnwYDohQ;3.3964656027001183;16.393679885482925;1.8258059514857905;0.1461540785568023;0.782290412760721;0.7599999999999909;1.761201624227688;SIGN
s0L_knY_G70oWcUpfw996g;18.251212190572915;5.884990537734666;0.5009920095170628;0.0701114800241035;0.9484786642048912;0.5099999999999909;-2.9546962507546484;SIGN
uyMi4BdVAyRvwi5ylIBIqA;-58.05157847537885;-12.247073131093202;1.6464214616590596;4.251989735399408;1.905820606167009;1.8000000000000114;0.14574735808596273;CAR
v5Egk7Rf1X0hXa8VgyfwEA;33.96042073136414;-61.217281364123664;0.7907183745590771;4.4302394344880405;2.103563600125217;2.0300000000000296;1.7964349517237004;CAR
vtA30Zydp7XiaZ2Sc5xJpA;4.531246154314431;48.280791872999544;-4.112868365462276;4.422304326799639;2.1899506371420325;2.170000000000016;1.7387243654768767;CAR
xNRxds-9oSm_l7zJHdVfWA;-29.899406850914602;7.808716470863146;0.38469049104665487;4.4439699572537465;1.9351693716844502;1.660000000000025;1.7336025993627677;CAR
zr26RzD5X4_2lqkePzYiWQ;-37.13532562509499;-12.573243844455646;0.6533448728788471;4.124851501319638;1.8765714523626293;1.7200000000000273;-1.4064856369833292;CAR
zsk_Sr0OnjJpBihUCXVbFw;14.47422171762446;11.6346242572954;-1.1325872457581454;4.679191751331774;1.9019556296033728;1.740000000000009;1.6958211445138245;CAR