-2a9xuxutTp6ELbMXbQX5Q;37.13981580075415;-65.92219309925167;0.34286758453583843;4.411846612016865;2.0065602987096653;1.5299999999999727;1.8633173754109151;CAR
13p-vvcIXHc_ZjZQD8IvRA;-60.72862257513043;0.12768108553427732;1.546711684438094;4.239043947069151;1.934295215896204;1.8899999999999864;1.7214239247856895;CAR
2cGu8CsqQQ4wDHUTzB__NA;33.791463733232376;-52.34210219591296;-0.34299361404529805;3.9947775081549652;1.875085111546373;1.8199999999999932;1.8172718269452464;CAR
39P8f-sIGqpKZuCKKZBauA;-27.551208047674663;3.780460474733445;1.4055783280336982;0.12185699308038446;0.4908943726398087;0.5099999999999909;0.21046228462345962;SIGN
3MZO6-VVQtrIyGAFMulcTg;-53.48209454282369;2.006067990084375;1.1269910449069585;4.3323276059548;1.988992053324826;1.6499999999999773;1.7918853283054457;CAR
3mbZIAHtm9F4zpnfmCopEg;-76.07355576531154;-3.306582577685731;2.6451198450292566;4.261777625229855;1.9689136290064877;1.6899999999999977;1.7985505143544298;CAR
431ChCZLYv1WIGcgMHfW3g;-6.2962946789375565;-7.7151477589304704;-0.0646461578781441;4.017924159686435;1.82173474895875;1.8999999999999773;-1.3728812544455062;CAR
4Fh970OcxUFZoP0FR8g3mg;-70.77150364751287;-7.70403454911866;1.9162157454863404;3.957806722937524;1.7504137873468941;1.240000000000009;-2.914400162748871;CAR
5mGYRQo2hRXpDOkikvSSKg;38.226857169189316;-60.55258655977286;2.974199711187339;0.1064366072730076;0.5200382334950683;0.4800000000000182;1.7319395648050122;SIGN
6AXQEepAMeaZA--KP1vKUw;-64.33327831138013;-6.0781127153177295;1.5221866636328514;4.722530381289198;2.156975972020379;1.7699999999999818;-2.961662503050755;CAR
6k8wf2DIMHbQQ7aC-guUhw;18.670155768704717;-3.4483304466166373;1.5693961857751617;0.1725715624258075;0.8882613608337777;0.910000000000025;-1.5060590735972574;SIGN
7-OQSSfOjwG23gplrA_Ijw;-27.55254110001988;-8.323495553179782;0.1103094750881155;4.329438397926623;2.012981135915072;1.6499999999999773;0.22415663477516823;CAR
78LgW2BRDGSMNKDcnvpN2g;-38.72003199774008;5.702099642213398;1.0255176884059836;3.359467630443119;1.5846289228297896;1.5090257587797282;1.7764087318781616;CAR
7bPAzkhlUbgZo17j_uhJWA;-12.111365251121242;-4.69451037186991;-0.24356501718210666;4.681049526040517;2.028525033166247;1.6399999999999864;0.21265232707153459;CAR
8cWxDuMt2Gn2LRP_vJgr-w;-11.42339753505803;5.724516469485025;-0.08245328326967183;4.682575078502769;2.0489554773528216;1.7200000000000273;-2.958588507357073;CAR
8dRUrrUeDUubDlZfh3SdhQ;3.292071132318597;53.18909887748123;-3.7646000163868507;4.674572714433571;2.1030602058788714;1.8999999999999773;1.786215743350989;CAR
99HpjIdW9frUCY0zbmIBww;-68.79204225236754;-1.9043227276051766;1.8711728635168186;5.27522418910944;2.149137543307017;2.569999999999993;-1.3196344151929118;CAR
A7IVralGxsMsJ0id8yrGTQ;-1.3421007407105208;25.93485432378384;1.094372739408925;0.13338514539281757;0.5335766230813881;0.6299999999999955;-1.2752897334955948;SIGN
AD7-7Ma20f8Vpdta7QHamA;21.09725283899934;-12.631047302347724;-0.7762777337450473;5.85196240862241;2.3660526083348783;2.0600000000000023;2.0519568711766283;CAR
AtH2Kfx3lG5zuzlZ8qI91w;-52.2440486110936;-17.14175704230638;1.073111166729234;3.491099683276317;1.581196339471052;1.6000000000000227;-1.3193357924904439;CAR
B42y3hluu9KKu_3l_7MyNg;-42.276664169638025;-11.293695353474504;0.45966191522344957;4.553756119335148;1.9856683310633672;1.5699999999999932;0.22108982234911512;CAR
Bz55H0VTaneIvVY40UwA3Q;-41.17803629122318;-12.952744930052177;1.5551720732699437;0.10990910628341094;0.5515391453248087;0.6100000000000136;0.15070356544636754;SIGN
DD2KcvlDlkv-j1bMhIgnUw;16.00555481687661;-33.248047858215614;0.1477116346123637;4.9316864561552896;2.1506895477290597;1.5600000000000023;-1.283771570751129;CAR
DXNKLJ3AJsS-wwS7eXlCrQ;-78.65856578794046;-9.531241201870216;2.6383088264189496;4.725195022675346;2.167651331489946;1.6499999999999773;-2.9053562895209164;CAR
DbbLRvQ9ho1XyiWtcCnklA;32.78525842536692;-47.09677928200108;-0.3900949805860989;5.682796722442326;2.631760576238646;2.7099999999999795;1.768061381525543;CAR
DsZkruUSRa_sax-pr1WLjA;16.647508514150104;6.759203974836964;-0.212187722283403;0.09356222016020715;0.8933601764816561;0.8299999999999841;-2.9045457057837214;SIGN
ENR8J71Igxv_ZDHVVrIWfA;4.947188421541796;54.67029315134005;-1.7669125770408698;0.13445902670581203;0.5564777245130191;0.660000000000025;-1.3634397330120975;SIGN
Ha0zUiS8cY2BXZeVYYoroA;-46.552104060194324;3.5679924364339968;0.7805488995768144;4.171065068318952;1.966352354267218;1.829999999999984;1.812881030303867;CAR
HzX_Acfx5SOpdR9Lp2F9DA;-41.18779674970938;-0.7420662129479751;0.4985510494435914;3.7111937126258834;1.8429493286179106;1.9599999999999795;-2.9131509806462454;CAR
KjGttKWvcPmCXiu3xRImpA;-5.29860518409987;52.84059939728104;-3.843856590157003;5.295783322507103;2.4330133198810224;2.069999999999993;-1.3682000145749338;CAR
LKDVkTtEI739qj-rzODkOA;-26.33177061319475;2.3152056628368882;0.32714315129459237;4.332184913692889;1.953551625497594;1.7699999999999818;-2.902870938560903;CAR
OiwgezXTj5zg5Jx_TwDcGw;10.164516339282272;23.773828398004298;-1.475804633301891;5.766949629308677;2.2931975698255247;2.1200000000000045;1.759860044427075;CAR
PCyzDM62oXM8lR5nItzb0Q;11.307591142618548;17.499473223777386;-1.0555296339755387;4.687385521045763;1.9813353863029748;1.5900000000000318;1.822845917275858;CAR
P_aCIpCOKYbjKgS3hQ205g;15.002110851210091;1.864306918812872;-0.8558736372258693;4.872719786931078;2.169051107738562;1.5400000000000205;1.8220653769277213;CAR
QTkU_pVmFjL1EXr0uXYO3A;-33.58395807361376;0.8972405756221633;0.30994294389896027;4.071757288553061;2.0084493660808054;1.6999999999999886;-2.893033192231283;CAR
QsaaTDu4_kZ5yreLX2x1Vg;-34.39151791466247;-9.76549520439221;0.34996525858915106;3.8597396463179043;1.7807141109239435;1.5300000000000296;0.3730664054632036;CAR
Sb9NKU1z7vYQmAdKG7LKSQ;-55.76329171400721;-4.0828419656554615;0.922418555058897;4.121082542256066;1.9928090924541395;1.660000000000025;-2.950311093069505;CAR
TOjutZ88CSqrAfA0NqJMXg;-49.041795585615546;-12.870715931188897;0.6113165708853501;5.0950474552784915;2.1975698071785903;1.9499999999999886;0.18995829555590227;CAR
UiHW1gPW_HQMSgrSsbNNkw;1.253084583173404;23.42420784391925;-1.2260813779554098;4.724638947338785;2.110562345348538;1.6999999999999886;-1.3323893270750273;CAR
VcKmbt_3t562ZlslF9K6uw;25.366001743148445;-20.977399313934256;-0.8643834853297108;4.689026023646978;2.1063293595055557;1.8899999999999864;2.016704115912284;CAR
WrRK7wUYLNlqGXnZcw6TTQ;-19.28925342558432;4.08832584720858;0.054454901745572215;4.212884754033846;1.896186185440522;1.670000000000016;-2.9198818079292157;CAR
XnoDKcKd524_aIxBMS_7lQ;-0.5540453789071762;31.037159357197197;-1.890093808768853;5.018789652647471;2.3630514268366145;1.7800000000000296;-1.354397918811362;CAR
XrmgxaI82TP40NS8GUNwWw;18.575618522092554;-43.81978524751321;0.43761705337036005;4.991384553629617;2.2541783104013313;2.0600000000000023;-1.2682568236559675;CAR
bPOdPr-weZ4yfqmnDYPyUA;12.00827153363025;-6.80405272131884;-0.44974861441082226;4.971987968117965;2.2647427217933456;1.829999999999984;-1.2453698883079165;CAR
cB-jeCJKa4Epqr6QTmHPoQ;14.544800047169701;-34.47004049156476;2.769964959934015;0.09573641333271868;0.48949023773416256;0.45999999999997954;1.8353802961615973;SIGN
cNRV2ULpN_c9_CwZOpsRrA;18.303798038448804;-6.7837032974166505;-0.9731502916534112;5.3266117307509955;2.2036871979481107;1.9599999999999795;2.0004094619761226;CAR
cPudcbemzNx5Clzdsn6bTw;-1.807495814480717;37.13617021779555;-1.9858957979081708;5.268979149466321;2.297934493218457;2.0500000000000114;-1.3647671644194692;CAR
d27U9BDdUPpJ_yonwk5dHA;-73.4379837623037;-18.549781766069827;2.3713375634769704;4.84682528239945;2.333260129963118;1.7699999999999818;0.1940741920154041;CAR
g4oAW43dXNdQIm5Ije92Bw;13.911052930781807;7.0108943706190985;-0.8458208237182703;4.260397836719462;2.0268671570249652;2.0;1.7809724734347085;CAR
gWr7ViFp9CQ0Uh5HzRb-gw;18.62640369638939;-3.4402602293403106;1.3210692569822413;0.16936748853830785;0.5814657463264952;0.2300000000000182;-1.5060590735969583;SIGN
hFn5HbmeQxJmWGNM9z8GdA;-15.60229040816921;-9.758482642895615;-0.003995966914885685;4.562155376950733;1.9164572697651283;1.6399999999999864;-1.3325472942529661;CAR
hozauR00RsgvD3vLs_YRtQ;12.529996826149727;-21.631683021993013;-0.16973167344451667;5.310188117191314;2.1635127719747747;1.759999999999991;-1.328779997187751;CAR
jk9isHue7QjtDf0GqoCR6g;1.2903136133609223;16.479632785424656;1.8852046981529895;0.13881655102717882;0.517526820684242;0.18999999999999773;1.8113521691985275;SIGN
k9OstxG43c0P5GCFCExNsA;-1.0603058233300544;-6.49782493323255;0.04127850997579685;4.810023135106862;1.9280751764699813;1.5699999999999932;-1.3943412351096223;CAR
ktfvcrmibGVYJigpJgZZAg;-16.63331166969874;9.726673842596938;0.43730481691602563;4.601854095547459;2.2062559295567254;1.759999999999991;1.7802712098824616;CAR
lM-hv65Oiwg1YIw0JIyl6g;25.312265478825793;-15.971103676254643;1.7788456229308167;0.10447660098931935;0.4641460938334464;0.5;-1.3146324222760655;SIGN
mtZsARcXyNhsLhAxds0ONQ;37.95414440504646;-39.29622761743758;1.1271645180678718;0.07324253856797674;0.31713517503811317;0.18999999999999773;-2.9368685059888073;SIGN
pPz1JSCPy8Hyc4G2e3P_jQ;27.83929048592654;-27.395725151136503;-0.7547472008295699;5.865457652066103;2.485278172919565;2.2200000000000273;1.8422847520205332;CAR
pqOLClofbmjtPT91ysd4Ag;3.182731682134545;-3.7447871589602073;2.2908792872595427;0.05848721860870102;0.4508511160025782;0.14999999999997726;2.962073717639803;SIGN
rKTQbdKc0FWepAZnwYDohQ;1.3283568961978744;16.470807800707007;2.0838926141840375;0.1461540785568031;0.7822904127607199;0.7599999999999909;1.811352169198062;SIGN
s0L_knY_G70oWcUpfw996g;16.691945808999662;6.74242481883357;0.6213444746645678;0.07011148002410059;0.9484786642048906;0.5099999999999909;-2.904545705784274;SIGN
uyMi4BdVAyRvwi5ylIBIqA;-58.60973047731568;-15.210043781919012;1.4011467256272852;4.251989735399404;1.9058206061670078;1.8000000000000114;0.1958979030563479;CAR
v5Egk7Rf1X0hXa8VgyfwEA;35.722153450038604;-59.497992919014905;-0.02122483085943827;4.430239434488032;2.103563600125223;2.0300000000000296;1.846585496694086;CAR
vtA30Zydp7XiaZ2Sc5xJpA;-0.7212378313633963;55.33713707559127;-4.043635284981377;4.4223043267984625;2.1899506371424757;2.170000000000016;1.7889653160257692;CAR
xNRxds-9oSm_l7zJHdVfWA;-31.49602430563573;6.2466848063613725;0.4647312303704041;4.443969957253746;1.9351693716844418;1.660000000000025;1.783753144333149;CAR
zr26RzD5X4_2lqkePzYiWQ;-37.7028353252972;-14.474035443497087;0.4298764276629754;4.124851501319637;1.8765714523626336;1.7200000000000273;-1.3563350920129507;CAR
zsk_Sr0OnjJpBihUCXVbFw;12.63182359129496;12.299378918125512;-0.9578888839965884;4.679191751331771;1.90195562960337;1.740000000000009;1.745971689484204;CAR