-2a9xuxutTp6ELbMXbQX5Q;38.56323607865852;-64.7868653572632;-0.267221627535946;4.411846612016867;2.0065602987096645;1.5299999999999727;1.8936034612243482;CAR
13p-vvcIXHc_ZjZQD8IvRA;-61.252415501676296;-1.7423593094054013;1.4923457960049973;4.239043947069151;1.9342952158961932;1.8899999999999864;1.7517100105991172;CAR
2cGu8CsqQQ4wDHUTzB__NA;34.81048155671124;-51.313583809589545;-0.8129631148585474;3.994777508154975;1.8750851115463787;1.8199999999999932;1.847557912758674;CAR
39P8f-sIGqpKZuCKKZBauA;-28.205690215185314;2.9180073313982575;1.4147651823884075;0.1218569930803804;0.49089437263980856;0.5099999999999909;0.2407483704368829;SIGN
3MZO6-VVQtrIyGAFMulcTg;-54.06620521746845;0.35934828820518305;1.0894408377691889;4.3323276059548;1.98899205332482;1.6499999999999773;1.8221714141188734;CAR
3mbZIAHtm9F4zpnfmCopEg;-76.48783997475402;-5.647736173166777;2.5353936920718922;4.261777625229851;1.9689136290064913;1.6899999999999977;1.8288366001678567;CAR
431ChCZLYv1WIGcgMHfW3g;-6.607229426786944;-7.922230361802576;-0.14465897853000342;4.017924159686435;1.8217347489587512;1.8999999999999773;-1.3425951686320794;CAR
4Fh970OcxUFZoP0FR8g3mg;-71.05442581064563;-9.873681327423583;1.7731395817793896;3.957806722937531;1.7504137873468903;1.240000000000009;-2.8841140769354494;CAR
5mGYRQo2hRXpDOkikvSSKg;39.48366993626587;-59.409424757051056;2.4218271169873447;0.10643660727300779;0.5200382334950603;0.4800000000000182;1.7622256506184408;SIGN
6AXQEepAMeaZA--KP1vKUw;-64.66864745050952;-8.052791091638937;1.3948168864255877;4.722530381289205;2.1569759720203807;1.7699999999999818;-2.9313764172373244;CAR
6k8wf2DIMHbQQ7aC-guUhw;18.218941636547243;-2.9133674153436004;1.5504131733933662;0.17257156242580687;0.8882613608337818;0.910000000000025;-1.4757729877838315;SIGN
7-OQSSfOjwG23gplrA_Ijw;-27.835337603946755;-9.172473244971115;0.0045480339711048146;4.3294383979266255;2.0129811359150738;1.6499999999999773;0.25444272058859596;CAR
78LgW2BRDGSMNKDcnvpN2g;-39.422017252172736;4.500719596482668;1.0433254340297538;3.359467630443117;1.5846289228297832;1.5090257587797282;1.8066948176915885;CAR
7bPAzkhlUbgZo17j_uhJWA;-12.509320343300715;-5.08201925634603;-0.29557225314681546;4.681049526040519;2.0285250331662477;1.6399999999999864;0.24293841288496187;CAR
8cWxDuMt2Gn2LRP_vJgr-w;-12.137657237750318;5.356916093306609;-0.03516039775053059;4.682575078502764;2.048955477352822;1.7200000000000273;-2.9283024215436466;CAR
8dRUrrUeDUubDlZfh3SdhQ;1.1398771260519425;53.277168406031706;-3.245275961753464;4.674572714433573;2.103060205878872;1.8999999999999773;1.816501829164415;CAR
99HpjIdW9frUCY0zbmIBww;-69.25126869151063;-4.023262710005838;1.7888216780715709;5.275224189109437;2.1491375433070123;2.569999999999993;-1.2893483293794838;CAR
A7IVralGxsMsJ0id8yrGTQ;-2.6715016519974597;25.855164245530432;1.3512521552906946;0.1333851453928134;0.5335766230813899;0.6299999999999955;-1.2450036476821607;SIGN
AD7-7Ma20f8Vpdta7QHamA;20.921837921021506;-11.999725553725511;-0.87918396313259;5.851962408622408;2.36605260833488;2.0600000000000023;2.0822429569900542;CAR
AtH2Kfx3lG5zuzlZ8qI91w;-52.249809588445714;-18.74090908526796;0.8585262099302895;3.4910996832763206;1.5811963394710509;1.6000000000000227;-1.28904970667702;CAR
B42y3hluu9KKu_3l_7MyNg;-42.463322188996244;-12.588677434847341;0.3095286263186665;4.553756119335148;1.9856683310633654;1.5699999999999932;0.25137590816254196;CAR
Bz55H0VTaneIvVY40UwA3Q;-41.31703324824957;-14.219241918766784;1.3847766488599973;0.10990910628340982;0.5515391453248072;0.6100000000000136;0.1809896512597975;SIGN
DD2KcvlDlkv-j1bMhIgnUw;16.455722028047603;-32.76954732879767;-0.1553982376319425;4.931686456155288;2.1506895477290615;1.5600000000000023;-1.2534854849377004;CAR
DbbLRvQ9ho1XyiWtcCnklA;33.64640429168139;-46.105288183935954;-0.8054392449389809;5.682796722442333;2.6317605762386376;2.7099999999999795;1.7983474673389708;CAR
DsZkruUSRa_sax-pr1WLjA;15.890828213594432;7.2447158737622885;-0.12723780764710568;0.09356222016020832;0.8933601764816541;0.8299999999999841;-2.874259619970296;SIGN
ENR8J71Igxv_ZDHVVrIWfA;2.749618830110194;54.79141476616678;-1.2308971509996525;0.1344590267058088;0.5564777245130185;0.660000000000025;-1.3331536471986758;SIGN
FANxToBBBL6o2kVg2qh9ig;29.570433935487017;-67.06892270732897;0.8199152940318299;4.807338387498956;2.292078466989346;2.1000000000000227;-1.306358506796441;CAR
Ha0zUiS8cY2BXZeVYYoroA;-47.185747278399504;2.131993283724114;0.7732163254612772;4.171065068318952;1.9663523542672072;1.829999999999984;1.8431671161172956;CAR
HzX_Acfx5SOpdR9Lp2F9DA;-41.69340210035989;-2.0118948877225193;0.45691225530882207;3.7111937126258745;1.8429493286179115;1.9599999999999795;-2.8828648948328173;CAR
KjGttKWvcPmCXiu3xRImpA;-7.436360441739453;52.669455565862336;-3.336499527980294;5.295783322507094;2.4330133198810233;2.069999999999993;-1.3379139287615067;CAR
LKDVkTtEI739qj-rzODkOA;-26.936565263922603;1.4950094533915035;0.32651407463816895;4.332184913692888;1.9535516254975935;1.7699999999999818;-2.872584852747477;CAR
OiwgezXTj5zg5Jx_TwDcGw;8.895968451581211;24.060600982290453;-1.233985154422669;5.7669496293086775;2.293197569825524;2.1200000000000045;1.790146130240502;CAR
PCyzDM62oXM8lR5nItzb0Q;10.227959434267177;17.822363477787803;-0.8727494996575729;4.6873855210457585;1.9813353863029735;1.5900000000000318;1.8531320030892822;CAR
P_aCIpCOKYbjKgS3hQ205g;14.39296571351042;2.301485246476659;-0.8236797286412809;4.872719786932097;2.1690511077393886;1.5400000000000205;1.8522620354688186;CAR
QTkU_pVmFjL1EXr0uXYO3A;-34.14170386660953;-0.1432302886078105;0.28543652236155026;4.0717572885530595;2.0084493660808067;1.6999999999999886;-2.862747106417854;CAR
QsaaTDu4_kZ5yreLX2x1Vg;-34.621774647615894;-10.837008912166311;0.21978799200698518;3.8597396463179034;1.7807141109239448;1.5300000000000296;0.4033524912766282;CAR
Sb9NKU1z7vYQmAdKG7LKSQ;-56.161765771492355;-5.793602469028883;0.8309165006004662;4.121082542256059;1.9928090924541408;1.660000000000025;-2.920025007256076;CAR
TOjutZ88CSqrAfA0NqJMXg;-49.1784564340669;-14.372317018714057;0.4328625063857032;5.0950474552784915;2.1975698071785867;1.9499999999999886;0.2202443813693269;CAR
UiHW1gPW_HQMSgrSsbNNkw;-0.0008158340115187457;23.441734409138007;-0.9958749857549094;4.724638947338788;2.1105623453485376;1.6999999999999886;-1.3021032412616014;CAR
VcKmbt_3t562ZlslF9K6uw;25.443035823396713;-20.213253213107237;-1.0487565233862028;4.689026023646977;2.1063293595055486;1.8899999999999864;2.046990201725709;CAR
WrRK7wUYLNlqGXnZcw6TTQ;-19.951929056394874;3.481462180258859;0.07541568333064674;4.212884754033847;1.8961861854405226;1.670000000000016;-2.8895957221157884;CAR
XnoDKcKd524_aIxBMS_7lQ;-2.0375450261799415;31.0027382890421;-1.6001326872699622;5.01878965264747;2.363051426836614;1.7800000000000296;-1.3241118329979356;CAR
XrmgxaI82TP40NS8GUNwWw;19.342728474892283;-43.26341950573533;0.02418540495446564;4.991384553629615;2.2541783104013313;2.0600000000000023;-1.237970737842538;CAR
bPOdPr-weZ4yfqmnDYPyUA;12.315789437587227;-8.198725480979192;-0.4989068835528485;4.971987968117338;2.2647427217922975;1.829999999999984;-1.2182689705881968;CAR
cB-jeCJKa4Epqr6QTmHPoQ;15.028107815980547;-34.04989951790776;2.439664922521075;0.09573641333271508;0.4894902377341654;0.45999999999997954;1.8656663819750392;SIGN
cNRV2ULpN_c9_CwZOpsRrA;17.95402729489433;-6.239995424421068;-1.0208444076700118;5.326611730750998;2.2036871979481143;1.9599999999999795;2.0306955477895485;CAR
cPudcbemzNx5Clzdsn6bTw;-3.473498690405904;37.06008020883837;-1.6229437582636308;5.268979149466323;2.297934493218458;2.0500000000000114;-1.3344810786060377;CAR
d27U9BDdUPpJ_yonwk5dHA;-73.39319986307783;-20.8013455263399;2.113003864974189;4.846825282399457;2.3332601299631137;1.7699999999999818;0.22436027782882784;CAR
g4oAW43dXNdQIm5Ije92Bw;13.148743267078316;7.408313731953967;-0.7582490599342577;4.260397836719461;2.026867157024966;2.0;1.8112585592481354;CAR
gWr7ViFp9CQ0Uh5HzRb-gw;18.175450852357244;-2.9008621846305687;1.302144246128421;0.1693674885383081;0.5814657463264913;0.2300000000000182;-1.4757729877835302;SIGN
hFn5HbmeQxJmWGNM9z8GdA;-15.84667495335998;-10.244578013971477;-0.11102868263469645;4.562155376950733;1.9164572697651296;1.6399999999999864;-1.30226120843954;CAR
hozauR00RsgvD3vLs_YRtQ;12.62684789767809;-21.258374130208722;-0.36765232540750503;5.310188117191312;2.1635127719747724;1.759999999999991;-1.2984939113743246;CAR
jk9isHue7QjtDf0GqoCR6g;0.24481514384024194;16.478102728574413;2.052666800045216;0.138816551027182;0.5175268206842417;0.18999999999999773;1.8416382550119508;SIGN
k9OstxG43c0P5GCFCExNsA;-1.4042931202984619;-6.553634898240489;-0.021669032139158162;4.810023135106863;1.9280751764699813;1.5699999999999932;-1.3640551492961954;CAR
ktfvcrmibGVYJigpJgZZAg;-17.466717740589957;9.194593692534;0.5146037743674015;4.601854095547459;2.2062559295567303;1.759999999999991;1.8105572956958893;CAR
lM-hv65Oiwg1YIw0JIyl6g;25.23682023094989;-15.229866970076728;1.6426377894979964;0.10447660098932064;0.46414609383344496;0.5;-1.284346336462636;SIGN
mtZsARcXyNhsLhAxds0ONQ;38.58077764750851;-38.146558381824434;0.7806525399822419;0.0732425385679747;0.3171351750381106;0.18999999999999773;-2.9065824201754054;SIGN
pPz1JSCPy8Hyc4G2e3P_jQ;28.10740575681666;-26.55721915734466;-0.9932817174712341;5.865457652066105;2.4852781729195668;2.2200000000000273;1.8725708378339618;CAR
pqOLClofbmjtPT91ysd4Ag;2.744882585177038;-3.6797558183152432;2.2537523171647535;0.05848721860881014;0.4508511160032811;0.14999999999997726;2.9949535611737446;SIGN
rKTQbdKc0FWepAZnwYDohQ;0.2826997879874397;16.46568758571175;2.25130836028535;0.14615407855679982;0.7822904127607203;0.7599999999999909;1.8416382550114916;SIGN
s0L_knY_G70oWcUpfw996g;15.934301649203917;7.222168278633944;0.7067142484394822;0.0701114800241023;0.9484786642048911;0.5099999999999909;-2.874259619970845;SIGN
uyMi4BdVAyRvwi5ylIBIqA;-58.67160622106712;-17.006397011698937;1.193971741259162;4.251989735399414;1.9058206061670087;1.8000000000000114;0.2261839888697712;CAR
v5Egk7Rf1X0hXa8VgyfwEA;36.94982182504464;-58.41189621792182;-0.562670707142189;4.430239434488033;2.1035636001252174;2.0300000000000296;1.8768715825075102;CAR
vtA30Zydp7XiaZ2Sc5xJpA;-3.535108133437461;57.58774410643218;-3.6916766160290138;4.422304326798968;2.1899506371449733;2.170000000000016;1.8192815657097796;CAR
xNRxds-9oSm_l7zJHdVfWA;-32.2173941284982;5.267855215000964;0.4952842664020807;4.443969957253747;1.9351693716844456;1.660000000000025;1.814039230146574;CAR
zr26RzD5X4_2lqkePzYiWQ;-37.795779099938954;-15.629717881836768;0.2505957825113114;4.124851501319636;1.876571452362629;1.7200000000000273;-1.326049006199522;CAR
zsk_Sr0OnjJpBihUCXVbFw;11.70882705502845;12.659804564292244;-0.8298907404155784;4.679191751331772;1.9019556296033715;1.740000000000009;1.7762577752976316;CAR