13p-vvcIXHc_ZjZQD8IvRA;-58.50079548281974;4.417188631888166;0.9471428731179685;4.239043947069151;1.9342952158961921;1.8899999999999864;1.6504874073726707;CAR
39P8f-sIGqpKZuCKKZBauA;-25.165889983736633;5.686725125178782;1.0431573011758246;0.12185699308038625;0.49089437263980945;0.5099999999999909;0.13952576721043508;SIGN
3MZO6-VVQtrIyGAFMulcTg;-51.12885236979673;5.7671326111731105;0.6554016698209466;4.332327605954802;1.98899205332482;1.6499999999999773;1.720948810892426;CAR
3mbZIAHtm9F4zpnfmCopEg;-74.05299871660645;2.0961702370059356;2.0415295825669375;4.261777625229858;1.9689136290064881;1.6899999999999977;1.7276139969414102;CAR
431ChCZLYv1WIGcgMHfW3g;-4.750655797075524;-7.292233761057105;-0.04799723475690598;4.0179241596864355;1.8217347489587508;1.8999999999999773;-1.4438177718585261;CAR
4Fh970OcxUFZoP0FR8g3mg;-69.07130177414729;-2.681046171502203;1.4075177638804917;3.957806722937522;1.7504137873468957;1.240000000000009;-2.985336680161885;CAR
4d48FhjiqclpfwTCfWHhYA;-75.5444960655077;-1.5820809265342177;4.562506515314965;0.10825428382890383;0.5468135620233996;0.7200000000000273;0.083479867263764;SIGN
6AXQEepAMeaZA--KP1vKUw;-62.53006982680018;-1.518528539098952;1.0860665344738436;4.722530381289215;2.156975972020378;1.7699999999999818;-3.032599020463776;CAR
6k8wf2DIMHbQQ7aC-guUhw;20.436559982725157;-4.805106611787778;1.7890190337841148;0.17257156242580823;0.8882613608337813;0.910000000000025;-1.5769955910102786;SIGN
7-OQSSfOjwG23gplrA_Ijw;-25.99778879718542;-6.3902077302745965;-0.065230929898064;4.3294383979266255;2.012981135915071;1.6499999999999773;0.15322011736214902;CAR
78LgW2BRDGSMNKDcnvpN2g;-36.14884112756408;8.404327512559576;0.4983575875488384;3.3594676304431164;1.5846289228297892;1.5090257587797282;1.7054722144651393;CAR
7bPAzkhlUbgZo17j_uhJWA;-10.375707109997165;-3.8594268522310813;-0.28603177276477254;4.681049526040519;2.028525033166246;1.6399999999999864;0.14171580965851405;CAR
8cWxDuMt2Gn2LRP_vJgr-w;-8.90679997949519;6.473522600706019;-0.288387643547253;4.682575078502766;2.0489554773528216;1.7200000000000273;-3.0295250247700922;CAR
99HpjIdW9frUCY0zbmIBww;-66.69278166639015;2.9733025040777648;1.2363961028957249;5.275224189109435;2.149137543307025;2.569999999999993;-1.3905709326059321;CAR
A7IVralGxsMsJ0id8yrGTQ;2.5756751277167496;25.925878484315945;0.5904566789388923;0.13338514539281535;0.5335766230813881;0.6299999999999955;-1.346226250908617;SIGN
AD7-7Ma20f8Vpdta7QHamA;22.23440163930536;-14.179294254797242;-0.42793621128069503;5.851962408622408;2.36605260833488;2.0600000000000023;1.981020353763606;CAR
AtH2Kfx3lG5zuzlZ8qI91w;-51.25771589226133;-13.418642292720506;0.8568502063380947;3.4910996832763175;1.5811963394710506;1.6000000000000227;-1.3902723099034646;CAR
B42y3hluu9KKu_3l_7MyNg;-40.89760063764152;-8.303085702523276;0.20715664849396376;4.553756119335155;1.9856683310633647;1.5699999999999932;0.1501533049360919;CAR
Bz55H0VTaneIvVY40UwA3Q;-39.915811932849465;-10.030577660571907;1.3937107713640557;0.10990910628341102;0.551539145324809;0.6100000000000136;0.07976704803334744;SIGN
DD2KcvlDlkv-j1bMhIgnUw;15.676520711336707;-34.33839345717297;0.705527124867416;4.931686456155281;2.1506895477290575;1.5600000000000023;-1.3547080881641513;CAR
DXNKLJ3AJsS-wwS7eXlCrQ;-77.08063212097477;-3.9283045808333554;2.005494289612386;4.725195022675365;2.167651331489946;1.6499999999999773;-2.976292806933939;CAR
DbbLRvQ9ho1XyiWtcCnklA;31.42430636635072;-49.33955805202186;0.4554160550746644;5.682796722442335;2.631760576238641;2.7099999999999795;1.697124864112526;CAR
DsZkruUSRa_sax-pr1WLjA;19.15799278958002;5.490555636003592;-0.18236552683541163;0.09356222016020892;0.8933601764816543;0.8299999999999841;-2.9754822231967424;SIGN
ENR8J71Igxv_ZDHVVrIWfA;10.922421569797734;54.08593378835303;-2.648613023511956;0.13445902670581017;0.5564777245130198;0.660000000000025;-1.434376250425119;SIGN
Ha0zUiS8cY2BXZeVYYoroA;-44.10969472009856;6.8298265298572005;0.25432757347104484;4.171065068318953;1.9663523542672083;1.829999999999984;1.7419445128908482;CAR
HzX_Acfx5SOpdR9Lp2F9DA;-39.065600789801465;2.14735886879771;0.05791651290044797;3.7111937126258825;1.8429493286179113;1.9599999999999795;-2.984087498059263;CAR
LKDVkTtEI739qj-rzODkOA;-24.025606354796764;4.138126642939824;0.0036952553080595862;4.332184913692884;1.9535516254975944;1.7699999999999818;-2.9738074559739234;CAR
OiwgezXTj5zg5Jx_TwDcGw;13.91680197338792;22.92438284542186;-1.7886603871148736;5.766949629308683;2.2931975698255225;2.1200000000000045;1.6889235270140546;CAR
PCyzDM62oXM8lR5nItzb0Q;14.609145313745103;16.588182066765512;-1.2730378189446014;4.687385521045759;1.9813353863029726;1.5900000000000318;1.7519093998628357;CAR
P_aCIpCOKYbjKgS3hQ205g;17.183731363111292;0.773039043296194;-0.7821776258395801;4.872719786931758;2.1690511077384076;1.5400000000000205;1.7521106694114241;CAR
QTkU_pVmFjL1EXr0uXYO3A;-31.36664495901823;3.2673768808290333;-0.022191001614004335;4.071757288553067;2.0084493660808045;1.6999999999999886;-2.963969709644305;CAR
QsaaTDu4_kZ5yreLX2x1Vg;-32.971563226672515;-7.168438686718218;0.1816465717247695;3.8597396463179017;1.7807141109239402;1.5300000000000296;0.3021298880501777;CAR
Sb9NKU1z7vYQmAdKG7LKSQ;-53.84124660246198;-0.1464422971212116;0.44130716046831253;4.121082542256064;1.9928090924541388;1.660000000000025;-3.021247610482527;CAR
TOjutZ88CSqrAfA0NqJMXg;-47.756115402245996;-9.390925221289763;0.38396249882598;5.09504745527849;2.1975698071785876;1.9499999999999886;0.11902177814288217;CAR
UiHW1gPW_HQMSgrSsbNNkw;5.002489846727258;23.208507307243053;-1.6157331961996704;4.724638947338783;2.1105623453485385;1.6999999999999886;-1.403325844488047;CAR
VcKmbt_3t562ZlslF9K6uw;25.87776167135962;-22.78426566321923;-0.30439480418868925;4.689026023646979;2.10632935950555;1.8899999999999864;1.9457675984992626;CAR
Vgm8olEgb1mzz6efrA61Bg;-55.3446663648283;-3.967551041337174;0.6923833570486408;3.960983998517199;1.9086149547941313;1.6499999999999773;-2.9837862424695714;CAR
WrRK7wUYLNlqGXnZcw6TTQ;-16.856430515803368;5.417784971295987;-0.20756583860722344;4.212884754033845;1.8961861854405215;1.670000000000016;-2.9908183253422367;CAR
XnoDKcKd524_aIxBMS_7lQ;3.7550266212492716;30.918336931950762;-2.272709136518671;5.0187896526474765;2.3630514268366145;1.7800000000000296;-1.4253344362243838;CAR
bPOdPr-weZ4yfqmnDYPyUA;9.690226256590904;8.190013886453926;-0.44453164383938315;4.971987968116592;2.2647427217932172;1.829999999999984;-1.3929988011245726;CAR
cNRV2ULpN_c9_CwZOpsRrA;19.86015939790741;-8.122576263674091;-0.7499303129886528;5.326611730751;2.2036871979481116;1.9599999999999795;1.929472944563103;CAR
d27U9BDdUPpJ_yonwk5dHA;-72.50389466933666;-13.29754760891501;2.0539380515341463;4.846825282399471;2.3332601299631124;1.7699999999999818;0.12313767460238045;CAR
g4oAW43dXNdQIm5Ije92Bw;16.460295685452365;5.9375680079028825;-0.8208528111020428;4.26039783671946;2.026867157024963;2.0;1.710035956021689;CAR
gWr7ViFp9CQ0Uh5HzRb-gw;20.396971579544697;-4.8033722655800375;1.5403458978696563;0.1693674885383088;0.5814657463264932;0.2300000000000182;-1.576995591009979;SIGN
hFn5HbmeQxJmWGNM9z8GdA;-14.181166811937146;-8.672262724669963;-0.052601859432286346;4.562155376950732;1.9164572697651285;1.6399999999999864;-1.4034838116659856;CAR
hozauR00RsgvD3vLs_YRtQ;13.07954811399577;-22.55084793041806;0.23173003477222665;5.31018811719131;2.1635127719747724;1.759999999999991;-1.3997165146007713;CAR
jk9isHue7QjtDf0GqoCR6g;4.525972942152293;16.323351787042157;1.5471236002883018;0.1388165510271828;0.5175268206842415;0.18999999999999773;1.7404156517855025;SIGN
k9OstxG43c0P5GCFCExNsA;0.5348119922746264;-6.441518430313408;0.12498504587696857;4.810023135106863;1.9280751764699815;1.5699999999999932;-1.4652777525226421;CAR
ktfvcrmibGVYJigpJgZZAg;-13.822953091139425;10.843379694591931;0.12469204869455552;4.601854095547459;2.2062559295567286;1.759999999999991;1.7093346924694428;CAR
lM-hv65Oiwg1YIw0JIyl6g;26.16502799123373;-17.759129747892075;2.2663818215518177;0.10447660098931753;0.4641460938334456;0.5;-1.3855689396890793;SIGN
mtZsARcXyNhsLhAxds0ONQ;37.08309936072328;-42.00844809134742;2.0333354064338494;0.07324253856796828;0.3171351750381197;0.18999999999999773;-3.0078050234018128;SIGN
pPz1JSCPy8Hyc4G2e3P_jQ;27.903329583245068;-29.350620484061437;-0.1406003203508135;5.865457652066097;2.4852781729195677;2.2200000000000273;1.7713482346075127;CAR
pqOLClofbmjtPT91ysd4Ag;4.959015286203794;-3.983899606462728;2.3857349087841726;0.058487218609368626;0.4508511160014356;0.14999999999997726;2.8885503957940086;SIGN
rKTQbdKc0FWepAZnwYDohQ;4.560540329865034;16.31966199031376;1.7459197449132944;0.14615407855680426;0.78229041276072;0.7599999999999909;1.7404156517850478;SIGN
s0L_knY_G70oWcUpfw996g;19.187428400193312;5.492166491298121;0.6400021487160075;0.07011148002410389;0.948478664204891;0.5099999999999909;-2.9754822231972873;SIGN
uyMi4BdVAyRvwi5ylIBIqA;-57.47027633102334;-11.033858157435134;1.141124709917591;4.251989735399412;1.9058206061670082;1.8000000000000114;0.12496138564332293;CAR
vtA30Zydp7XiaZ2Sc5xJpA;9.353064610086221;29.943949321019318;-2.3535014470676003;4.422304326798746;2.1899506371425748;2.170000000000016;1.7361509308925847;CAR
xNRxds-9oSm_l7zJHdVfWA;-28.896358404703278;8.426678499320587;0.059268027372723964;4.443969957253744;1.935169371684445;1.660000000000025;1.7128166269201275;CAR
zr26RzD5X4_2lqkePzYiWQ;-36.558764184443135;-11.799020877429939;0.3099215320571602;4.124851501319639;1.876571452362638;1.7200000000000273;-1.4272716094259708;CAR
zsk_Sr0OnjJpBihUCXVbFw;15.558957022221875;11.349395786421155;-1.025855717523541;4.679191751331774;1.9019556296033726;1.740000000000009;1.6750351720711825;CAR