13p-vvcIXHc_ZjZQD8IvRA;-58.49859034557994;4.411258456185351;0.9519347835882286;4.239043947069149;1.9342952158962001;1.8899999999999864;1.6505829325289039;CAR
39P8f-sIGqpKZuCKKZBauA;-25.16234884729056;5.684254584327391;1.0473225187962498;0.12185699308038436;0.4908943726398093;0.5099999999999909;0.1396212923666762;SIGN
3MZO6-VVQtrIyGAFMulcTg;-51.12707294367465;5.761901654901521;0.655692479339848;4.332327605954803;1.9889920533248249;1.6499999999999773;1.72104433604866;CAR
3mbZIAHtm9F4zpnfmCopEg;-74.05079076063157;2.088864732483671;2.043290591710985;4.261777625229853;1.9689136290064968;1.6899999999999977;1.7277095220976433;CAR
431ChCZLYv1WIGcgMHfW3g;-4.747443726781057;-7.293100742774186;-0.043794061118489935;4.017924159686436;1.8217347489587512;1.8999999999999773;-1.4437222467022919;CAR
4Fh970OcxUFZoP0FR8g3mg;-69.06858820518937;-2.6879571216386466;1.4104217530859842;3.9578067229375438;1.750413787346895;1.240000000000009;-2.985241155005653;CAR
4d48FhjiqclpfwTCfWHhYA;-75.54065019192967;-1.5929072130911663;4.566292834847559;0.10825428382890344;0.5468135620234007;0.7200000000000273;0.08357539242001177;SIGN
6AXQEepAMeaZA--KP1vKUw;-62.52759400938339;-1.5248057858516404;1.087000947734964;4.7225303812892;2.156975972020377;1.7699999999999818;-3.0325034953075427;CAR
6k8wf2DIMHbQQ7aC-guUhw;20.44000546991083;-4.802723951386724;1.790264155151732;0.17257156242580693;0.8882613608337789;0.910000000000025;-1.5769000658540442;SIGN
7-OQSSfOjwG23gplrA_Ijw;-25.994553779266425;-6.393130574657334;-0.05951257079203742;4.329438397926625;2.012981135915072;1.6499999999999773;0.1533156425183826;CAR
78LgW2BRDGSMNKDcnvpN2g;-36.14675585137411;8.400450151918449;0.5066646396056456;3.359467630443116;1.5846289228297827;1.5090257587797282;1.705567739621376;CAR
7bPAzkhlUbgZo17j_uhJWA;-10.370852790914796;-3.8613174019073995;-0.2839999017598416;4.681049526040519;2.0285250331662463;1.6399999999999864;0.1418113348147476;CAR
8cWxDuMt2Gn2LRP_vJgr-w;-8.905060125151067;6.472244904918625;-0.28772444953460763;4.682575078502767;2.0489554773528216;1.7200000000000273;-3.029429499613859;CAR
99HpjIdW9frUCY0zbmIBww;-66.69044102205953;2.9666454811567746;1.241279531333788;5.275224189109436;2.1491375433070163;2.569999999999993;-1.390475407449697;CAR
A7IVralGxsMsJ0id8yrGTQ;2.575825331137821;25.925701783260592;0.5933014968248358;0.1333851453928192;0.533576623081389;0.6299999999999955;-1.3461307257523767;SIGN
AD7-7Ma20f8Vpdta7QHamA;22.237989942914282;-14.176207115515354;-0.42423311720179413;5.851962408622409;2.3660526083348796;2.0600000000000023;1.9811158789198418;CAR
AtH2Kfx3lG5zuzlZ8qI91w;-51.25393360426824;-13.423887279379414;0.8613434857210791;3.491099683276314;1.5811963394710495;1.6000000000000227;-1.3901767847472308;CAR
B42y3hluu9KKu_3l_7MyNg;-40.89417999379657;-8.307412813438532;0.21307730479523457;4.553756119335148;1.9856683310633663;1.5699999999999932;0.15024883009233125;CAR
Bz55H0VTaneIvVY40UwA3Q;-39.91210183941075;-10.034590449045936;1.3977071630915248;0.10990910628341277;0.551539145324807;0.6100000000000136;0.07986257318959877;SIGN
DD2KcvlDlkv-j1bMhIgnUw;15.682458285180473;-34.33726937940446;0.7142267040045738;4.931686456155284;2.1506895477290566;1.5600000000000023;-1.3546125630079138;CAR
DXNKLJ3AJsS-wwS7eXlCrQ;-77.0775251885043;-3.9359383902337868;2.012560904316331;4.725195022675345;2.167651331489947;1.6499999999999773;-2.976197281777704;CAR
DbbLRvQ9ho1XyiWtcCnklA;31.4318925911557;-49.336921429188806;0.4686358840832838;5.682796722442332;2.63176057623865;2.7099999999999795;1.6972203892687556;CAR
DsZkruUSRa_sax-pr1WLjA;19.160334156238605;5.492783594114371;-0.18258700947549755;0.09356222016020578;0.8933601764816549;0.8299999999999841;-2.975386698040508;SIGN
ENR8J71Igxv_ZDHVVrIWfA;10.919322375262709;54.08674898022309;-2.6488214722758983;0.13445902670581814;0.5564777245130176;0.660000000000025;-1.4342807252689005;SIGN
Ha0zUiS8cY2BXZeVYYoroA;-44.10774506845701;6.8252104760213115;0.2585411170124132;4.171065068318949;1.9663523542672086;1.829999999999984;1.7420400380470822;CAR
HzX_Acfx5SOpdR9Lp2F9DA;-39.06312063989026;2.1432047731314015;0.06377343704005511;3.7111937126258847;1.8429493286179097;1.9599999999999795;-2.983991972903035;CAR
LKDVkTtEI739qj-rzODkOA;-24.023440867616955;4.13541038985386;0.007547764181254024;4.332184913692886;1.9535516254975935;1.7699999999999818;-2.9737119308176894;CAR
OiwgezXTj5zg5Jx_TwDcGw;13.917048459701618;22.925162953435574;-1.7882865790469396;5.766949629308683;2.293197569825523;2.1200000000000045;1.6890190521702886;CAR
PCyzDM62oXM8lR5nItzb0Q;14.610035687897835;16.589046837770184;-1.2715331306874873;4.687385521045762;1.9813353863029755;1.5900000000000318;1.7520049250190715;CAR
P_aCIpCOKYbjKgS3hQ205g;17.186053053654177;0.7724737840408125;-0.7799633349690396;4.872719786931894;2.1690511077387096;1.5400000000000205;1.7521615912409203;CAR
QTkU_pVmFjL1EXr0uXYO3A;-31.364078219341536;3.2625957447826295;-0.01962484302018197;4.071757288553064;2.0084493660808054;1.6999999999999886;-2.9638741844880694;CAR
QsaaTDu4_kZ5yreLX2x1Vg;-32.96608677313816;-7.1798181030217165;0.18497733009522221;3.8597396463179034;1.7807141109239455;1.5300000000000296;0.3022254132064184;CAR
Sb9NKU1z7vYQmAdKG7LKSQ;-53.838637908995224;-0.15197889345836302;0.4460192529760718;4.121082542256062;1.9928090924541397;1.660000000000025;-3.021152085326288;CAR
TOjutZ88CSqrAfA0NqJMXg;-47.752711159624596;-9.395862764264166;0.3882001206752932;5.095047455278498;2.197569807178586;1.9499999999999886;0.11911730329911308;CAR
UiHW1gPW_HQMSgrSsbNNkw;5.0027324200164;23.208429254788825;-1.6150482843299585;4.724638947338784;2.110562345348539;1.6999999999999886;-1.4032303193318123;CAR
VcKmbt_3t562ZlslF9K6uw;25.8832024492076;-22.78195612260788;-0.3019731059001174;4.68902602364698;2.106329359505553;1.8899999999999864;1.9458631236554975;CAR
Vgm8olEgb1mzz6efrA61Bg;-56.40113926648337;-4.142128885676357;0.7570283493922147;3.9609839985167503;1.9086149547935243;1.6499999999999773;-2.9835329523201817;CAR
WrRK7wUYLNlqGXnZcw6TTQ;-16.85512819816904;5.415002946515415;-0.20518918694713761;4.212884754033843;1.8961861854405224;1.670000000000016;-2.990722800186003;CAR
XnoDKcKd524_aIxBMS_7lQ;3.7540980098310683;30.918129893562764;-2.2791309425256543;5.018789652647471;2.363051426836614;1.7800000000000296;-1.4252389110681498;CAR
bPOdPr-weZ4yfqmnDYPyUA;9.799883405898072;7.602514082138441;-0.41831902661638765;4.971987968117921;2.264742721792833;1.829999999999984;-1.389942190409703;CAR
cNRV2ULpN_c9_CwZOpsRrA;19.863405881225844;-8.121145198020713;-0.7463059012322049;5.326611730750997;2.203687197948115;1.9599999999999795;1.929568469719337;CAR
d27U9BDdUPpJ_yonwk5dHA;-72.50029312699553;-13.304691953437214;2.0559187453400796;4.846825282399472;2.3332601299631133;1.7699999999999818;0.12323319975861491;CAR
g4oAW43dXNdQIm5Ije92Bw;16.461888640633333;5.939921680601401;-0.8220729024465072;4.260397836719462;2.0268671570249635;2.0;1.7101314811779238;CAR
gWr7ViFp9CQ0Uh5HzRb-gw;20.400453121423197;-4.8010513334493226;1.54158837738089;0.16936748853830877;0.5814657463264944;0.2300000000000182;-1.5769000658537442;SIGN
hFn5HbmeQxJmWGNM9z8GdA;-14.18010772566413;-8.675099963177672;-0.05226386895202495;4.562155376950733;1.9164572697651314;1.6399999999999864;-1.4033882865097518;CAR
hozauR00RsgvD3vLs_YRtQ;13.082419164114981;-22.54814174664898;0.23689503686222224;5.310188117191314;2.1635127719747738;1.759999999999991;-1.3996209894445366;CAR
jk9isHue7QjtDf0GqoCR6g;4.527012726808607;16.323195492470404;1.5510159983037113;0.13881655102718315;0.5175268206842423;0.18999999999999773;1.7405111769417436;SIGN
k9OstxG43c0P5GCFCExNsA;0.5383032050795009;-6.440769690351772;0.12626313260838629;4.8100231351068645;1.9280751764699815;1.5699999999999932;-1.4651822273664081;CAR
ktfvcrmibGVYJigpJgZZAg;-13.821568927824046;10.841664037428927;0.12588363685165405;4.60185409554746;2.206255929556727;1.759999999999991;1.7094302176256768;CAR
lM-hv65Oiwg1YIw0JIyl6g;26.170020759294857;-17.756476255286543;2.2680518934079146;0.10447660098932116;0.46414609383344113;0.5;-1.3854734145328513;SIGN
mtZsARcXyNhsLhAxds0ONQ;37.092224502612225;-42.0013223676342;2.0395682487335023;0.07324253856797437;0.31713517503811955;0.18999999999999773;-3.00770949824562;SIGN
pPz1JSCPy8Hyc4G2e3P_jQ;27.908641007848928;-29.348357758536622;-0.13454679538159553;5.865457652066105;2.4852781729195703;2.2200000000000273;1.7714437597637485;CAR
pqOLClofbmjtPT91ysd4Ag;4.964387111924225;-3.9848759675978727;2.386746912655042;0.05848721860920397;0.4508511160011287;0.14999999999997726;2.8873505750739596;SIGN
rKTQbdKc0FWepAZnwYDohQ;4.56154577608504;16.319553559257656;1.7498248797201086;0.14615407855679946;0.78229041276072;0.7599999999999909;1.740511176941279;SIGN
s0L_knY_G70oWcUpfw996g;19.190596341648416;5.493845460689954;0.6404256099982604;0.07011148002409978;0.9484786642048905;0.5099999999999909;-2.9753866980410564;SIGN
uyMi4BdVAyRvwi5ylIBIqA;-57.467115859375554;-11.039621629286557;1.1395872068991082;4.251989735399415;1.905820606167008;1.8000000000000114;0.12505691079956227;CAR
vtA30Zydp7XiaZ2Sc5xJpA;9.170493386660382;31.009074941762265;-2.4507222174709966;4.422304326798706;2.189950637144873;2.170000000000016;1.7352716954227834;CAR
xNRxds-9oSm_l7zJHdVfWA;-28.894673196637086;8.423503863738006;0.06169658771219133;4.443969957253745;1.935169371684448;1.660000000000025;1.7129121520763624;CAR
zr26RzD5X4_2lqkePzYiWQ;-36.55518583313824;-11.802898681680745;0.3135512768440094;4.124851501319635;1.8765714523626307;1.7200000000000273;-1.427176084269736;CAR
zsk_Sr0OnjJpBihUCXVbFw;15.560360835239408;11.348623728042185;-1.0264748826932077;4.6791917513317705;1.9019556296033713;1.740000000000009;1.6751306972274183;CAR