13p-vvcIXHc_ZjZQD8IvRA;-58.497594250160546;4.405621735459135;0.9618531273400208;4.239043947069149;1.9342952158961983;1.8899999999999864;1.6506781115766733;CAR
39P8f-sIGqpKZuCKKZBauA;-25.16007542236912;5.682161351891409;1.0535400995291866;0.12185699308038128;0.49089437263980895;0.5099999999999909;0.1397164714144461;SIGN
3MZO6-VVQtrIyGAFMulcTg;-51.12654404593195;5.757009514384663;0.6605327850332401;4.332327605954802;1.9889920533248195;1.6499999999999773;1.7211395150964304;CAR
3mbZIAHtm9F4zpnfmCopEg;-74.04969504042674;2.081744921238169;2.051446543286289;4.261777625229854;1.968913629006486;1.6899999999999977;1.7278047011454136;CAR
431ChCZLYv1WIGcgMHfW3g;-4.745527221357406;-7.293536328204937;-0.04073991535676669;4.017924159686434;1.8217347489587508;1.8999999999999773;-1.443627067654522;CAR
4Fh970OcxUFZoP0FR8g3mg;-69.06706529951953;-2.6945960108987492;1.4187849400666437;3.957806722937536;1.7504137873468937;1.240000000000009;-2.9851459759578876;CAR
4d48FhjiqclpfwTCfWHhYA;-75.53771744938422;-1.6037437730710735;4.576263945728215;0.10825428382890481;0.546813562023401;0.7200000000000273;0.08367057146779544;SIGN
6AXQEepAMeaZA--KP1vKUw;-62.52631564670082;-1.530800338609879;1.0928791111030023;4.722530381289209;2.156975972020378;1.7699999999999818;-3.0324083162597715;CAR
6k8wf2DIMHbQQ7aC-guUhw;20.44228100035616;-4.80001836849533;1.788184320188492;0.1725715624258066;0.8882613608337774;0.910000000000025;-1.5768048868062747;SIGN
7-OQSSfOjwG23gplrA_Ijw;-25.992628094090833;-6.395625366409149;-0.05282003566327376;4.329438397926623;2.0129811359150716;1.6499999999999773;0.15341082156615427;CAR
78LgW2BRDGSMNKDcnvpN2g;-36.14594370038867;8.396945384666651;0.5183375120951439;3.359467630443117;1.5846289228297932;1.5090257587797282;1.7056629186691437;CAR
7bPAzkhlUbgZo17j_uhJWA;-10.36733238580382;-3.8627453495273585;-0.28224889705944634;4.681049526040519;2.028525033166247;1.6399999999999864;0.14190651386251885;CAR
8cWxDuMt2Gn2LRP_vJgr-w;-8.904658993924386;6.4714268965472;-0.2864915656135736;4.682575078502766;2.048955477352822;1.7200000000000273;-3.0293343205660883;CAR
99HpjIdW9frUCY0zbmIBww;-66.68924782490103;2.9602150399641687;1.2519362322277345;5.275224189109437;2.1491375433070177;2.569999999999993;-1.3903802284019278;CAR
A7IVralGxsMsJ0id8yrGTQ;2.5746536937531346;25.92596184584181;0.5974804860549625;0.13338514539281457;0.5335766230813884;0.6299999999999955;-1.346035546704612;SIGN
AD7-7Ma20f8Vpdta7QHamA;22.240258644493224;-14.172638342249229;-0.42492625058551425;5.851962408622411;2.366052608334876;2.0600000000000023;1.981211057967612;CAR
AtH2Kfx3lG5zuzlZ8qI91w;-51.251368976832964;-13.428810379340575;0.8685585216650225;3.4910996832763166;1.5811963394710442;1.6000000000000227;-1.3900816056994603;CAR
B42y3hluu9KKu_3l_7MyNg;-40.892044648537194;-8.311346050360044;0.2212170253158945;4.553756119335155;1.9856683310633656;1.5699999999999932;0.15034400914009938;CAR
Bz55H0VTaneIvVY40UwA3Q;-39.909608363906955;-10.038276274370219;1.4036629272302434;0.10990910628340801;0.5515391453248093;0.6100000000000136;0.07995775223737489;SIGN
DD2KcvlDlkv-j1bMhIgnUw;15.687178166976082;-34.33575340304196;0.7172251716792459;4.9316864561552896;2.1506895477290597;1.5600000000000023;-1.3545173839601443;CAR
DXNKLJ3AJsS-wwS7eXlCrQ;-77.07553006334638;-3.9433835219824687;2.0257346255181687;4.725195022675363;2.1676513314899437;1.6499999999999773;-2.97610210272994;CAR
DbbLRvQ9ho1XyiWtcCnklA;31.438304754308774;-49.333911402661215;0.47320614267280803;5.682796722442329;2.6317605762386433;2.7099999999999795;1.6973155683165304;CAR
DsZkruUSRa_sax-pr1WLjA;19.16130433012222;5.49552623577074;-0.1850234683307974;0.09356222016020967;0.8933601764816551;0.8299999999999841;-2.975291518992739;SIGN
ENR8J71Igxv_ZDHVVrIWfA;10.914569261933138;54.08831647534589;-2.6457951880973667;0.13445902670581147;0.5564777245130169;0.660000000000025;-1.434185546221126;SIGN
Ha0zUiS8cY2BXZeVYYoroA;-44.107075965674085;6.820968670044749;0.2667329216770611;4.171065068318953;1.9663523542672057;1.829999999999984;1.7421352170948525;CAR
HzX_Acfx5SOpdR9Lp2F9DA;-39.06192969734002;2.139441578649894;0.07267594810704736;3.711193712625879;1.8429493286179106;1.9599999999999795;-2.983896793855262;CAR
LKDVkTtEI739qj-rzODkOA;-24.022581051634916;4.133111353205095;0.013195124914091139;4.332184913692886;1.9535516254975949;1.7699999999999818;-2.9736167517699186;CAR
OiwgezXTj5zg5Jx_TwDcGw;13.915818202567607;22.926545581892242;-1.7879534486486364;5.766949629308678;2.2931975698255247;2.1200000000000045;1.6891142312180607;CAR
PCyzDM62oXM8lR5nItzb0Q;14.609478554219095;16.59049068252989;-1.2707431726641403;4.687385521045759;1.981335386302977;1.5900000000000318;1.7521001040668418;CAR
P_aCIpCOKYbjKgS3hQ205g;17.186984824587853;0.7724451509266146;-0.7802272285005927;4.872719786931152;2.1690511077409034;1.5400000000000205;1.752212169407506;CAR
QTkU_pVmFjL1EXr0uXYO3A;-31.362822198325375;3.2582319546099825;-0.014643609374189737;4.071757288553062;2.0084493660808054;1.6999999999999886;-2.9637790054402995;CAR
QsaaTDu4_kZ5yreLX2x1Vg;-32.96190009384918;-7.190792075953141;0.18987577756044516;3.8597396463179003;1.780714110923944;1.5300000000000296;0.30232059225418695;CAR
Sb9NKU1z7vYQmAdKG7LKSQ;-53.83729424658486;-0.15715876306785503;0.45497348068070664;4.121082542256066;1.9928090924541393;1.660000000000025;-3.0210569062785217;CAR
TOjutZ88CSqrAfA0NqJMXg;-47.750556413704544;-9.400447079471633;0.395210078935321;5.095047455278496;2.197569807178588;1.9499999999999886;0.11921248234688608;CAR
UiHW1gPW_HQMSgrSsbNNkw;5.001494653708505;23.208950153105434;-1.6135222753038363;4.7246389473387875;2.1105623453485385;1.6999999999999886;-1.4031351402840435;CAR
VcKmbt_3t562ZlslF9K6uw;25.887333984494035;-22.77916540424667;-0.30512221614736745;4.689026023646982;2.1063293595055512;1.8899999999999864;1.945958302703267;CAR
Vgm8olEgb1mzz6efrA61Bg;-57.45874848193671;-4.316570593036886;0.8258893730416617;3.9609839985153728;1.9086149547939633;1.6499999999999773;-2.9832800169268747;CAR
WrRK7wUYLNlqGXnZcw6TTQ;-16.855157807705837;5.412668825757464;-0.20158201398791675;4.212884754033845;1.896186185440522;1.670000000000016;-2.990627621138233;CAR
XnoDKcKd524_aIxBMS_7lQ;3.751622501800739;30.918579926476923;-2.283852255034418;5.018789652647469;2.3630514268366145;1.7800000000000296;-1.4251437320203786;CAR
bPOdPr-weZ4yfqmnDYPyUA;9.908302844591162;7.015551267225419;-0.39318448522217864;4.9719879681166885;2.2647427217925777;1.829999999999984;-1.3868860881471623;CAR
cNRV2ULpN_c9_CwZOpsRrA;19.865292591031903;-8.119198640447394;-0.7462693624240444;5.326611730750999;2.2036871979481107;1.9599999999999795;1.9296636487671073;CAR
d27U9BDdUPpJ_yonwk5dHA;-72.497786612259;-13.311654319441914;2.062669694479382;4.846825282399463;2.3332601299631133;1.7699999999999818;0.12332837880638214;CAR
g4oAW43dXNdQIm5Ije92Bw;16.462104733571323;5.942792862577335;-0.8252063008371806;4.260397836719463;2.026867157024969;2.0;1.7102266602256924;CAR
gWr7ViFp9CQ0Uh5HzRb-gw;20.40270827178574;-4.798351059987908;1.5395098551332467;0.16936748853830835;0.5814657463264911;0.2300000000000182;-1.5768048868059754;SIGN
hFn5HbmeQxJmWGNM9z8GdA;-14.177791300475292;-8.676341685880288;-0.04721687120678553;4.5621553769507335;1.9164572697651279;1.6399999999999864;-1.403293107461983;CAR
hozauR00RsgvD3vLs_YRtQ;13.084026486492803;-22.545010398976956;0.23773884048318905;5.310188117191313;2.1635127719747707;1.759999999999991;-1.3995258103967678;CAR
jk9isHue7QjtDf0GqoCR6g;4.526809095072167;16.323406937140135;1.555134712390469;0.13881655102717885;0.517526820684242;0.18999999999999773;1.740606355989513;SIGN
k9OstxG43c0P5GCFCExNsA;0.5404980821513163;-6.439586054415486;0.12596719819836721;4.810023135106863;1.9280751764699817;1.5699999999999932;-1.4650870483186382;CAR
ktfvcrmibGVYJigpJgZZAg;-13.821485256392407;10.84036259446475;0.12853519951733006;4.60185409554746;2.206255929556729;1.759999999999991;1.7095253966734463;CAR
lM-hv65Oiwg1YIw0JIyl6g;26.173879956593737;-17.753521230448314;2.2646055435727703;0.1044766009893222;0.4641460938334419;0.5;-1.3853782354850765;SIGN
mtZsARcXyNhsLhAxds0ONQ;37.100197980844314;-41.99384893686238;2.0373120817005486;0.07324253856796853;0.31713517503810973;0.18999999999999773;-3.007614319197823;SIGN
pPz1JSCPy8Hyc4G2e3P_jQ;27.912680653671487;-29.345643901717267;-0.13488799797914908;5.865457652066101;2.485278172919571;2.2200000000000273;1.771538938811518;CAR
pqOLClofbmjtPT91ysd4Ag;4.968609534123971;-3.9855620642101712;2.3859960360620676;0.05848721860939888;0.45085111600212574;0.14999999999997726;2.88615047926414;SIGN
rKTQbdKc0FWepAZnwYDohQ;4.561354191000646;16.3197665008056;1.7539526689428726;0.14615407855680007;0.7822904127607206;0.7599999999999909;1.7406063559890503;SIGN
s0L_knY_G70oWcUpfw996g;19.19245678104562;5.495975812555116;0.6386312270589087;0.07011148002409953;0.9484786642048912;0.5099999999999909;-2.975291518993286;SIGN
uyMi4BdVAyRvwi5ylIBIqA;-57.46513914233765;-11.04510503784968;1.14159610961687;4.251989735399404;1.9058206061670067;1.8000000000000114;0.12515208984732773;CAR
vtA30Zydp7XiaZ2Sc5xJpA;8.986174258197934;32.07475890561727;-2.546819180290157;4.422304326799474;2.1899506371432422;2.170000000000016;1.7343921672873464;CAR
xNRxds-9oSm_l7zJHdVfWA;-28.89429719380678;8.420742476794658;0.06679826788595733;4.4439699572537465;1.9351693716844505;1.660000000000025;1.71300733112413;CAR
zr26RzD5X4_2lqkePzYiWQ;-36.55287346765908;-11.806396174084512;0.31864906815383165;4.124851501319635;1.8765714523626296;1.7200000000000273;-1.4270809052219664;CAR
zsk_Sr0OnjJpBihUCXVbFw;15.560352085238264;11.348400768085412;-1.0284021145481006;4.679191751331772;1.901955629603372;1.740000000000009;1.6752258762751877;CAR