13p-vvcIXHc_ZjZQD8IvRA;-58.49974222286255;4.4112724158358105;0.9949743985523014;4.239043947069149;1.9342952158961964;1.8899999999999864;1.6505795613043341;CAR
39P8f-sIGqpKZuCKKZBauA;-25.16093988163084;5.68511385911188;1.0702353084737979;0.12185699308038049;0.4908943726398097;0.5099999999999909;0.13961792114210958;SIGN
3MZO6-VVQtrIyGAFMulcTg;-51.12906976446175;5.76204906897965;0.6858511271521479;4.332327605954801;1.988992053324825;1.6499999999999773;1.7210409648240903;CAR
3mbZIAHtm9F4zpnfmCopEg;-74.0518010624819;2.0887657488974583;2.088598080463754;4.261777625229857;1.9689136290064908;1.6899999999999977;1.7277061508730744;CAR
431ChCZLYv1WIGcgMHfW3g;-4.749354920541009;-7.292745373522848;-0.03613917486302398;4.017924159686434;1.8217347489587514;1.8999999999999773;-1.4437256179268618;CAR
4Fh970OcxUFZoP0FR8g3mg;-69.06997601718103;-2.6879634755014195;1.4538304601106233;3.9578067229375273;1.750413787346892;1.240000000000009;-2.9852445262302334;CAR
4d48FhjiqclpfwTCfWHhYA;-75.53789583030448;-1.6003282877736638;4.61549672120384;0.10825428382890373;0.5468135620234;0.7200000000000273;0.08357202119543139;SIGN
6AXQEepAMeaZA--KP1vKUw;-62.52927659468332;-1.5247525965123714;1.1230187285144666;4.722530381289212;2.1569759720203776;1.7699999999999818;-3.0325068665321115;CAR
6k8wf2DIMHbQQ7aC-guUhw;20.439791566979693;-4.800949878758729;1.7781633539362076;0.17257156242580704;0.8882613608337788;0.910000000000025;-1.5769034370786126;SIGN
7-OQSSfOjwG23gplrA_Ijw;-25.9963262137353;-6.392872757295663;-0.03632928196935836;4.329438397926619;2.0129811359150716;1.6499999999999773;0.15331227129381553;CAR
78LgW2BRDGSMNKDcnvpN2g;-36.14776685772631;8.400562040489604;0.5449419018773085;3.3594676304431155;1.5846289228297847;1.5090257587797282;1.7055643683968054;CAR
7bPAzkhlUbgZo17j_uhJWA;-10.369051795920313;-3.861854923028659;-0.2765046609529236;4.68104952604052;2.028525033166247;1.6399999999999864;0.14180796359017922;CAR
8cWxDuMt2Gn2LRP_vJgr-w;-8.907533818073716;6.472648197035596;-0.28097087908253116;4.682575078502767;2.048955477352822;1.7200000000000273;-3.0294328708384284;CAR
99HpjIdW9frUCY0zbmIBww;-66.6912280049728;2.966565687250295;1.2888286662522148;5.27522418910944;2.1491375433070132;2.569999999999993;-1.3904787786742665;CAR
A7IVralGxsMsJ0id8yrGTQ;2.5740095706114516;25.926066164178337;0.6031413191101933;0.13338514539281612;0.5335766230813884;0.6299999999999955;-1.3461340969769504;SIGN
AD7-7Ma20f8Vpdta7QHamA;22.235363432801023;-14.1729101789997;-0.4350282764858946;5.851962408622411;2.3660526083348814;2.0600000000000023;1.9811125076952703;CAR
AtH2Kfx3lG5zuzlZ8qI91w;-51.25540857332453;-13.423793390044011;0.8947099791882351;3.4910996832763175;1.5811963394710522;1.6000000000000227;-1.3901801559717997;CAR
B42y3hluu9KKu_3l_7MyNg;-40.89580270741499;-8.307239509867031;0.24473040684333114;4.553756119335157;1.9856683310633663;1.5699999999999932;0.15024545886775753;CAR
Bz55H0VTaneIvVY40UwA3Q;-39.913065243921665;-10.034165719308476;1.4244708955026795;0.1099091062834131;0.5515391453248097;0.6100000000000136;0.07985920196502017;SIGN
DD2KcvlDlkv-j1bMhIgnUw;15.681274220591149;-34.336915447849606;0.7116658143710026;4.931686456155288;2.150689547729058;1.5600000000000023;-1.3546159342324826;CAR
DXNKLJ3AJsS-wwS7eXlCrQ;-77.07788842014634;-3.9361135827657563;2.0685693330124764;4.725195022675372;2.1676513314899433;1.6499999999999773;-2.9762006530022806;CAR
DbbLRvQ9ho1XyiWtcCnklA;31.43138923490369;-49.33657943024082;0.4619139024677281;5.682796722442325;2.6317605762386456;2.7099999999999795;1.6972170180441886;CAR
DsZkruUSRa_sax-pr1WLjA;19.158677974235616;5.495040331676137;-0.19405470112170065;0.09356222016020935;0.8933601764816546;0.8299999999999841;-2.9753900692650763;SIGN
ENR8J71Igxv_ZDHVVrIWfA;10.914415738350726;54.08842166562954;-2.6421625803405107;0.13445902670581458;0.5564777245130192;0.660000000000025;-1.4342840964934573;SIGN
Ha0zUiS8cY2BXZeVYYoroA;-44.109376143785994;6.825358658093137;0.29278951817784105;4.171065068318953;1.9663523542672043;1.829999999999984;1.7420366668225133;CAR
HzX_Acfx5SOpdR9Lp2F9DA;-39.064641327231584;2.1433687203279987;0.0971137142117584;3.7111937126258834;1.8429493286179113;1.9599999999999795;-2.983995344127601;CAR
LKDVkTtEI739qj-rzODkOA;-24.025309935639598;4.135677445535293;0.028754857102967435;4.33218491369289;1.9535516254975942;1.7699999999999818;-2.9737153020422586;CAR
OiwgezXTj5zg5Jx_TwDcGw;13.913914914817724;22.925768490630617;-1.790751615396914;5.7669496293086775;2.293197569825524;2.1200000000000045;1.6890156809457197;CAR
PCyzDM62oXM8lR5nItzb0Q;14.607149701781964;16.58962302434702;-1.2738764817523816;4.687385521045761;1.9813353863029752;1.5900000000000318;1.7520015537945017;CAR
P_aCIpCOKYbjKgS3hQ205g;17.183337492775536;0.7695801803965878;-0.7867172258273456;4.872719786931063;2.169051107737682;1.5400000000000205;1.7520690155967333;CAR
QTkU_pVmFjL1EXr0uXYO3A;-31.36534401566678;3.260123783936251;0.003002090960961823;4.071757288553064;2.008449366080805;1.6999999999999886;-2.96387755571264;CAR
QsaaTDu4_kZ5yreLX2x1Vg;-32.96341735685019;-7.19521879101103;0.20718659474036372;3.8597396463179052;1.7807141109239453;1.5300000000000296;0.3022220419818491;CAR
Sb9NKU1z7vYQmAdKG7LKSQ;-53.84019613608143;-0.1518790488025843;0.4849590773814896;4.121082542256059;1.9928090924541386;1.660000000000025;-3.0211554565508627;CAR
TOjutZ88CSqrAfA0NqJMXg;-47.75436071218428;-9.395727295222969;0.4201429506851184;5.095047455278495;2.1975698071785863;1.9499999999999886;0.1191139320745438;CAR
UiHW1gPW_HQMSgrSsbNNkw;4.999624819854944;23.208996517430933;-1.6116733791381819;4.724638947338788;2.110562345348538;1.6999999999999886;-1.4032336905563814;CAR
VcKmbt_3t562ZlslF9K6uw;25.882688854171647;-22.780906196683645;-0.3197977742213993;4.68902602364698;2.1063293595055477;1.8899999999999864;1.945859752430927;CAR
Vgm8olEgb1mzz6efrA61Bg;-58.521275079729094;-4.479919729820722;0.9174276053885819;3.9609839985173476;1.9086149547936921;1.6499999999999773;-2.983220801451147;CAR
WrRK7wUYLNlqGXnZcw6TTQ;-16.85863823830732;5.413869243806403;-0.19071460152073882;4.212884754033843;1.896186185440523;1.670000000000016;-2.9907261714105693;CAR
XnoDKcKd524_aIxBMS_7lQ;3.7497240501234046;30.9188440619846;-2.2871309049604918;5.0187896526474685;2.3630514268366145;1.7800000000000296;-1.4252422822927187;CAR
bPOdPr-weZ4yfqmnDYPyUA;10.013550322197261;6.427044681845473;-0.3710744407789832;4.971987968117323;2.264742721794121;1.829999999999984;-1.3840235387439837;CAR
cNRV2ULpN_c9_CwZOpsRrA;19.861015710723223;-8.120613922699704;-0.7542263108350369;5.326611730751;2.203687197948113;1.9599999999999795;1.9295650984947672;CAR
d27U9BDdUPpJ_yonwk5dHA;-72.50136864441629;-13.30477285213692;2.096543478564058;4.846825282399446;2.333260129963112;1.7699999999999818;0.12322982853404119;CAR
g4oAW43dXNdQIm5Ije92Bw;16.458787238563673;5.94294956088379;-0.8338582046091005;4.260397836719462;2.026867157024966;2.0;1.7101281099533532;CAR
gWr7ViFp9CQ0Uh5HzRb-gw;20.399972225619422;-4.799231615083045;1.5295056213360567;0.16936748853830785;0.581465746326491;0.2300000000000182;-1.5769034370783133;SIGN
hFn5HbmeQxJmWGNM9z8GdA;-14.181530756064603;-8.674565618845008;-0.037107813658622035;4.562155376950733;1.9164572697651312;1.6399999999999864;-1.4033916577343213;CAR
hozauR00RsgvD3vLs_YRtQ;13.077088333038773;-22.544034171748535;0.2320048112439963;5.310188117191315;2.1635127719747724;1.759999999999991;-1.3996243606691083;CAR
jk9isHue7QjtDf0GqoCR6g;4.525604150418076;16.323033181288338;1.5591882359780413;0.13881655102718396;0.5175268206842427;0.18999999999999773;1.7405078057171792;SIGN
k9OstxG43c0P5GCFCExNsA;0.5371082985911926;-6.438173246412589;0.125253959622313;4.810023135106863;1.9280751764699815;1.5699999999999932;-1.4651855985909779;CAR
ktfvcrmibGVYJigpJgZZAg;-13.82368427457368;10.841992137890884;0.13772882041229195;4.601854095547459;2.206255929556727;1.759999999999991;1.7094268464011062;CAR
lM-hv65Oiwg1YIw0JIyl6g;26.170632411000042;-17.755307219504175;2.2499386207916245;0.10447660098931986;0.4641460938334477;0.5;-1.3854767857574168;SIGN
mtZsARcXyNhsLhAxds0ONQ;37.09634206235569;-41.99314650168253;2.0176212244766987;0.07324253856797705;0.3171351750381172;0.18999999999999773;-3.007712869470186;SIGN
pPz1JSCPy8Hyc4G2e3P_jQ;27.90683461190929;-29.347871785111238;-0.1480786555144391;5.865457652066106;2.485278172919566;2.2200000000000273;1.7714403885391796;CAR
pqOLClofbmjtPT91ysd4Ag;4.9683065861827345;-3.986983283319205;2.383325350446796;0.05848721860783848;0.45085111600191996;0.14999999999997726;2.8847565769398233;SIGN
rKTQbdKc0FWepAZnwYDohQ;4.560346805346853;16.319347616660707;1.7580016317226068;0.1461540785568059;0.78229041276072;0.7599999999999909;1.7405078057167067;SIGN
s0L_knY_G70oWcUpfw996g;19.190976603866147;5.494816633038681;0.6302295398735964;0.07011148002410549;0.9484786642048908;0.5099999999999909;-2.9753900692656226;SIGN
uyMi4BdVAyRvwi5ylIBIqA;-57.469175705966336;-11.039506114971118;1.165130216252777;4.251989735399405;1.9058206061670075;1.8000000000000114;0.12505353957498722;CAR
vtA30Zydp7XiaZ2Sc5xJpA;8.799394903955545;33.20665925668345;-2.662549693489808;4.4223043267999085;2.189950637141706;2.170000000000016;1.732801230612333;CAR
xNRxds-9oSm_l7zJHdVfWA;-28.89670107220445;8.423765748711958;0.08404249256133767;4.4439699572537465;1.935169371684449;1.660000000000025;1.7129087808517909;CAR
zr26RzD5X4_2lqkePzYiWQ;-36.557049936733165;-11.8026867571798;0.3371608807675557;4.124851501319636;1.8765714523626271;1.7200000000000273;-1.4271794554943045;CAR
zsk_Sr0OnjJpBihUCXVbFw;15.557702646903635;11.345660766908622;-1.0350532809981132;4.679191751331771;1.9019556296033724;1.740000000000009;1.6751273260028494;CAR