13p-vvcIXHc_ZjZQD8IvRA;-58.62290452705565;4.264535112096382;1.2771382713883668;4.239043947069151;1.9342952158961921;1.8899999999999864;1.65304051190029;CAR
39P8f-sIGqpKZuCKKZBauA;-25.281567772686685;5.624808779094565;1.210130283144622;0.12185699308038617;0.49089437263981006;0.5099999999999909;0.14207887173805878;SIGN
3MZO6-VVQtrIyGAFMulcTg;-51.259429591355;5.634402764047991;0.911789228515488;4.332327605954802;1.9889920533248209;1.6499999999999773;1.7235019154200453;CAR
3mbZIAHtm9F4zpnfmCopEg;-74.16616222209632;1.9022604208985285;2.4149380312813093;4.261777625229854;1.9689136290064964;1.6899999999999977;1.7301671014690285;CAR
431ChCZLYv1WIGcgMHfW3g;-4.848745762115868;-7.303166393019637;0.0014766446998351057;4.017924159686435;1.8217347489587508;1.8999999999999773;-1.441264667330907;CAR
4Fh970OcxUFZoP0FR8g3mg;-69.17567786062864;-2.861292400049024;1.7599249704644535;3.957806722937542;1.7504137873468948;1.240000000000009;-2.982783575634268;CAR
4d48FhjiqclpfwTCfWHhYA;-75.62655058694145;-1.8134359167806906;4.955399874426746;0.10825428382890545;0.5468135620234009;0.7200000000000273;0.08603297179139657;SIGN
6AXQEepAMeaZA--KP1vKUw;-62.63907388835469;-1.6814689595903474;1.3913135606161404;4.72253038128921;2.156975972020379;1.7699999999999818;-3.0300459159361526;CAR
6k8wf2DIMHbQQ7aC-guUhw;20.342113746573887;-4.744545798736908;1.6953606043336151;0.1725715624258074;0.8882613608337765;0.910000000000025;-1.574442486482658;SIGN
7-OQSSfOjwG23gplrA_Ijw;-26.097552430370342;-6.456814102975841;0.10083663200674664;4.3294383979266176;2.012981135915072;1.6499999999999773;0.15577322188977005;CAR
78LgW2BRDGSMNKDcnvpN2g;-36.28224968352515;8.310428257531385;0.7594045629325308;3.3594676304431177;1.5846289228297872;1.5090257587797282;1.7080253189927603;CAR
7bPAzkhlUbgZo17j_uhJWA;-10.466790734064489;-3.8888488639104253;-0.22391907885344153;4.681049526040519;2.028525033166247;1.6399999999999864;0.14426891418613375;CAR
8cWxDuMt2Gn2LRP_vJgr-w;-9.043925407135248;6.45205927439838;-0.22932578563290917;4.682575078502767;2.0489554773528216;1.7200000000000273;-3.026971920242474;CAR
99HpjIdW9frUCY0zbmIBww;-66.80800776860997;2.798722757127507;1.6040974543635969;5.275224189109439;2.1491375433070066;2.569999999999993;-1.3880178280783113;CAR
A7IVralGxsMsJ0id8yrGTQ;2.391686584780473;25.933911585536407;0.6447414233497284;0.13338514539281454;0.5335766230813888;0.6299999999999955;-1.3436731463809952;SIGN
AD7-7Ma20f8Vpdta7QHamA;22.149875579949367;-14.106673162891639;-0.5226997391874022;5.851962408622411;2.366052608334876;2.0600000000000023;1.983573458291227;CAR
AtH2Kfx3lG5zuzlZ8qI91w;-51.33563112348202;-13.551944627676676;1.1215990592134517;3.4910996832763144;1.5811963394710535;1.6000000000000227;-1.3877192053758445;CAR
B42y3hluu9KKu_3l_7MyNg;-40.99100212233316;-8.408897615316164;0.4432555385000967;4.553756119335149;1.9856683310633647;1.5699999999999932;0.15270640946371206;CAR
Bz55H0VTaneIvVY40UwA3Q;-40.00030470728052;-10.132907104655715;1.6050802418610033;0.10990910628341438;0.5515391453248089;0.6100000000000136;0.08232015256097958;SIGN
DD2KcvlDlkv-j1bMhIgnUw;15.653020849122186;-34.296291170540826;0.6554420158834944;4.931686456155284;2.1506895477290566;1.5600000000000023;-1.3521549836365307;CAR
DXNKLJ3AJsS-wwS7eXlCrQ;-77.17514554509034;-4.130415185002676;2.431666814011635;4.725195022675354;2.1676513314899455;1.6499999999999773;-2.9737397024063204;CAR
DbbLRvQ9ho1XyiWtcCnklA;31.443438324571616;-49.25660807457098;0.3472261845026594;5.682796722442327;2.6317605762386433;2.7099999999999795;1.6996779686401418;CAR
DsZkruUSRa_sax-pr1WLjA;19.025908886103934;5.550565627598189;-0.2669481858917777;0.09356222016021029;0.8933601764816533;0.8299999999999841;-2.9729291186691276;SIGN
ENR8J71Igxv_ZDHVVrIWfA;10.644176473822881;54.12247903412663;-2.6175039459583047;0.13445902670580956;0.5564777245130179;0.660000000000025;-1.4318231458974993;SIGN
Ha0zUiS8cY2BXZeVYYoroA;-44.242023731943846;6.715434897885643;0.5141283254629059;4.171065068318953;1.9663523542672103;1.829999999999984;1.7444976174184674;CAR
HzX_Acfx5SOpdR9Lp2F9DA;-39.185584798786294;2.0462126835873278;0.3010597092572027;3.711193712625882;1.8429493286179122;1.9599999999999795;-2.981534393531644;CAR
LKDVkTtEI739qj-rzODkOA;-24.1529324155199;4.076616021148766;0.1600452106642365;4.332184913692891;1.9535516254975942;1.7699999999999818;-2.9712543514463037;CAR
OiwgezXTj5zg5Jx_TwDcGw;13.730850116209695;22.96354689900636;-1.8154929791302834;5.766949629308683;2.2931975698255243;2.1200000000000045;1.6914766315416747;CAR
PCyzDM62oXM8lR5nItzb0Q;14.44132497360988;16.628956119866416;-1.302935828535908;4.68738552104576;1.9813353863029755;1.5900000000000318;1.7544625043904567;CAR
P_aCIpCOKYbjKgS3hQ205g;17.058756705806445;0.8048095067670147;-0.8427930847058462;4.872719786931419;2.169051107737521;1.5400000000000205;1.7542623570790497;CAR
QTkU_pVmFjL1EXr0uXYO3A;-31.4890413905905;3.1744833037037097;0.15627971287850073;4.0717572885530595;2.008449366080806;1.6999999999999886;-2.9614166051166833;CAR
QsaaTDu4_kZ5yreLX2x1Vg;-33.04872029249418;-7.323640254685415;0.3581820309816237;3.859739646317901;1.7807141109239442;1.5300000000000296;0.3046829925778023;CAR
Sb9NKU1z7vYQmAdKG7LKSQ;-53.95477003232372;-0.28637155696469563;0.7411717742037638;4.1210825422560555;1.9928090924541382;1.660000000000025;-3.0186945059549095;CAR
TOjutZ88CSqrAfA0NqJMXg;-47.84597596562344;-9.514852510227684;0.6359901483681654;5.0950474552784994;2.19756980717859;1.9499999999999886;0.12157488267050098;CAR
UiHW1gPW_HQMSgrSsbNNkw;4.815973237615253;23.224319906375968;-1.5967168240191256;4.724638947338789;2.1105623453485367;1.6999999999999886;-1.4007727399604288;CAR
VcKmbt_3t562ZlslF9K6uw;25.825082509747517;-22.71222271901479;-0.4416412780914243;4.689026023646977;2.1063293595055526;1.8899999999999864;1.9483207030268819;CAR
Vgm8olEgb1mzz6efrA61Bg;-65.00974113708799;-5.6673099632189405;1.6177052665048564;3.9609839985149264;1.908614954792855;1.6499999999999773;-2.980362448806029;CAR
WrRK7wUYLNlqGXnZcw6TTQ;-16.995168804436616;5.368690049691395;-0.09672727651545188;4.212884754033843;1.896186185440523;1.670000000000016;-2.988265220814616;CAR
XnoDKcKd524_aIxBMS_7lQ;3.5412254025668517;30.931763772562594;-2.2995801982611113;5.018789652647479;2.3630514268366136;1.7800000000000296;-1.422781331696765;CAR
bPOdPr-weZ4yfqmnDYPyUA;10.761239832683714;2.4529104635867043;-0.35819306760313907;4.971987968118289;2.2647427217951854;1.829999999999984;-1.3271473707260062;CAR
cB-jeCJKa4Epqr6QTmHPoQ;14.122569449167713;-35.418148123603714;3.3806353950355117;0.09573641333272427;0.48949023773416395;0.45999999999997954;1.766996883276211;SIGN
cNRV2ULpN_c9_CwZOpsRrA;19.760231473102976;-8.068478114535537;-0.8245798141830107;5.326611730750996;2.2036871979481116;1.9599999999999795;1.9320260490907222;CAR
d27U9BDdUPpJ_yonwk5dHA;-72.5773122137598;-13.487300257272182;2.3977994613454143;4.84682528239947;2.333260129963113;1.7699999999999818;0.1256907791299966;CAR
g4oAW43dXNdQIm5Ije92Bw;16.320425780288133;5.994036089732617;-0.9007949236698778;4.260397836719462;2.0268671570249683;2.0;1.7125890605493082;CAR
gWr7ViFp9CQ0Uh5HzRb-gw;20.300032697909046;-4.742520662651259;1.4468608934460008;0.16936748853830838;0.5814657463264893;0.2300000000000182;-1.5744424864823585;SIGN
hFn5HbmeQxJmWGNM9z8GdA;-14.276173211281275;-8.70803690691082;0.045685269240834714;4.562155376950733;1.91645726976513;1.6399999999999864;-1.4009307071383674;CAR
hozauR00RsgvD3vLs_YRtQ;13.00585789912111;-22.498563116650075;0.1808209890875787;5.310188117191314;2.163512771974773;1.759999999999991;-1.397163410073154;CAR
jk9isHue7QjtDf0GqoCR6g;4.370356070747221;16.333887314246567;1.5864579074892902;0.1388165510271818;0.5175268206842416;0.18999999999999773;1.742968756313127;SIGN
k9OstxG43c0P5GCFCExNsA;0.4375528525433765;-6.428597203034769;0.12419934758051454;4.81002313510686;1.9280751764699815;1.5699999999999932;-1.4627246479950227;CAR
ktfvcrmibGVYJigpJgZZAg;-13.968768488970454;10.808631236890506;0.21884534420826185;4.601854095547459;2.206255929556728;1.759999999999991;1.7118877969970603;CAR
lM-hv65Oiwg1YIw0JIyl6g;26.10844256863311;-17.686417246100973;2.1288507178118152;0.10447660098932084;0.4641460938334461;0.5;-1.3830158351614712;SIGN
mtZsARcXyNhsLhAxds0ONQ;37.104285017516304;-41.875564365968785;1.84663871923172;0.07324253856796746;0.3171351750381135;0.18999999999999773;-3.0052519188742233;SIGN
pPz1JSCPy8Hyc4G2e3P_jQ;27.862693846089314;-29.27596276058466;-0.2651060733318218;5.865457652066101;2.4852781729195708;2.2200000000000273;1.773901339135132;CAR
pqOLClofbmjtPT91ysd4Ag;4.881765144946257;-3.9810915454490896;2.3651345850578878;0.05848721860886253;0.4508511160020845;0.14999999999997726;2.8794457672289395;SIGN
rKTQbdKc0FWepAZnwYDohQ;4.406934116290358;16.329936121970604;1.7851935383811792;0.14615407855680143;0.7822904127607201;0.7599999999999909;1.7429687563126643;SIGN
s0L_knY_G70oWcUpfw996g;19.065988681782983;5.546271750547021;0.5610376332257374;0.07011148002410023;0.9484786642048905;0.5099999999999909;-2.972929118669674;SIGN
uyMi4BdVAyRvwi5ylIBIqA;-57.55479546905917;-11.183488168935583;1.405736422310241;4.251989735399407;1.905820606167008;1.8000000000000114;0.12751449017094085;CAR
vtA30Zydp7XiaZ2Sc5xJpA;7.4508093109016045;40.05471715738986;-3.328596282121538;4.422304326799765;2.189950637142786;2.170000000000016;1.7241006221039372;CAR
xNRxds-9oSm_l7zJHdVfWA;-29.035506133632225;8.35246329327947;0.2328055596789511;4.443969957253746;1.93516937168445;1.660000000000025;1.7153697314477476;CAR
zr26RzD5X4_2lqkePzYiWQ;-36.64393523265426;-11.893403879100333;0.4991936055128008;4.124851501319636;1.876571452362631;1.7200000000000273;-1.4247185048983502;CAR
zsk_Sr0OnjJpBihUCXVbFw;15.406409904566317;11.376647961353228;-1.0876344046076838;4.679191751331771;1.9019556296033715;1.740000000000009;1.6775882765988026;CAR