13p-vvcIXHc_ZjZQD8IvRA;-58.68539514643271;4.202220738120559;1.298508504292215;4.239043947069151;1.9342952158961926;1.8899999999999864;1.6540906509750082;CAR
39P8f-sIGqpKZuCKKZBauA;-25.344270240682818;5.598026857653167;1.2217460593618625;0.12185699308038653;0.49089437263980856;0.5099999999999909;0.14312901081277785;SIGN
3MZO6-VVQtrIyGAFMulcTg;-51.32382334513022;5.579920416417735;0.9268227872686907;4.3323276059548;1.9889920533248184;1.6499999999999773;1.7245520544947635;CAR
3mbZIAHtm9F4zpnfmCopEg;-74.22609849439323;1.8235093629209587;2.4372432513899014;4.261777625229853;1.9689136290064948;1.6899999999999977;1.7312172405437476;CAR
431ChCZLYv1WIGcgMHfW3g;-4.899552097374908;-7.308681910290034;0.005264828743918315;4.017924159686435;1.821734748958751;1.8999999999999773;-1.4402145282561882;CAR
4Fh970OcxUFZoP0FR8g3mg;-69.23079010855508;-2.934718813530708;1.78118341785364;3.957806722937524;1.7504137873468946;1.240000000000009;-2.981733436559548;CAR
4d48FhjiqclpfwTCfWHhYA;-75.68068596520789;-1.8974384779512548;4.979516326811506;0.10825428382889268;0.5468135620234003;0.7200000000000273;0.08708311086610943;SIGN
6AXQEepAMeaZA--KP1vKUw;-62.695598698224785;-1.7479834786972788;1.4089664311103434;4.722530381289198;2.156975972020379;1.7699999999999818;-3.0289957768614344;CAR
6k8wf2DIMHbQQ7aC-guUhw;20.289386369440763;-4.72287544379833;1.6895515120779976;0.17257156242580685;0.8882613608337819;0.910000000000025;-1.57339234740794;SIGN
7-OQSSfOjwG23gplrA_Ijw;-26.14919517997987;-6.484731526653377;0.11131653193177726;4.329438397926624;2.012981135915071;1.6499999999999773;0.1568233609644878;CAR
78LgW2BRDGSMNKDcnvpN2g;-36.348935469306525;8.271684636819373;0.7786978924389985;3.3594676304431172;1.5846289228297952;1.5090257587797282;1.7090754580674794;CAR
7bPAzkhlUbgZo17j_uhJWA;-10.519329400816787;-3.9007051122644043;-0.22017082907785834;4.6810495260405185;2.0285250331662477;1.6399999999999864;0.14531905326085148;CAR
8cWxDuMt2Gn2LRP_vJgr-w;-9.109485652201329;6.442156379829612;-0.22561801747781374;4.682575078502766;2.0489554773528225;1.7200000000000273;-3.025921781167755;CAR
99HpjIdW9frUCY0zbmIBww;-66.86876438701074;2.727730788059489;1.6276103799717418;5.275224189109437;2.149137543307018;2.569999999999993;-1.3869676890035938;CAR
A7IVralGxsMsJ0id8yrGTQ;2.3059670351358363;25.935997538896117;0.6506575498352163;0.13338514539281335;0.5335766230813881;0.6299999999999955;-1.342623007306278;SIGN
AD7-7Ma20f8Vpdta7QHamA;22.10580720548387;-14.082291565462583;-0.5281074924536426;5.851962408622409;2.366052608334876;2.0600000000000023;1.984623597365947;CAR
AtH2Kfx3lG5zuzlZ8qI91w;-51.3795685296991;-13.606529991330717;1.1376714048066674;3.4910996832763175;1.5811963394710489;1.6000000000000227;-1.3866690663011272;CAR
B42y3hluu9KKu_3l_7MyNg;-41.04042389139613;-8.452543432276798;0.4587085438681413;4.553756119335152;1.9856683310633672;1.5699999999999932;0.15375654853843557;CAR
Bz55H0VTaneIvVY40UwA3Q;-40.04853288105733;-10.175285669396544;1.616271166242086;0.1099091062834097;0.5515391453248085;0.6100000000000136;0.08337029163568577;SIGN
DD2KcvlDlkv-j1bMhIgnUw;15.630940301816736;-34.28023396932349;0.6534989912064191;4.931686456155282;2.1506895477290566;1.5600000000000023;-1.3511048445618097;CAR
DXNKLJ3AJsS-wwS7eXlCrQ;-77.22837501871982;-4.212371372270354;2.4591185631821304;4.725195022675357;2.1676513314899464;1.6499999999999773;-2.9726895633316017;CAR
DbbLRvQ9ho1XyiWtcCnklA;31.437422672677712;-49.2239430374666;0.3428932542679206;5.682796722442328;2.631760576238646;2.7099999999999795;1.700728107714859;CAR
DsZkruUSRa_sax-pr1WLjA;18.961646681596903;5.571143113982544;-0.2721457160165812;0.09356222016020624;0.8933601764816554;0.8299999999999841;-2.9718789795944067;SIGN
ENR8J71Igxv_ZDHVVrIWfA;10.527268612579064;54.133976513981;-2.612273189813635;0.13445902670580623;0.5564777245130167;0.660000000000025;-1.4307730068227906;SIGN
Ha0zUiS8cY2BXZeVYYoroA;-44.307355046441444;6.6683411951280505;0.531295834946576;4.171065068318952;1.966352354267215;1.829999999999984;1.7455477564931847;CAR
HzX_Acfx5SOpdR9Lp2F9DA;-39.24594995683947;2.0044533129830597;0.3176779003945569;3.711193712625887;1.8429493286179113;1.9599999999999795;-2.980484254456927;CAR
LKDVkTtEI739qj-rzODkOA;-24.215646322776593;4.050733460258016;0.17078255444278057;4.332184913692889;1.9535516254975942;1.7699999999999818;-2.9702042123715864;CAR
OiwgezXTj5zg5Jx_TwDcGw;13.647569623088202;22.977737997093755;-1.815718699350839;5.7669496293086775;2.2931975698255247;2.1200000000000045;1.6925267706163947;CAR
PCyzDM62oXM8lR5nItzb0Q;14.364831349184897;16.64387639446886;-1.3032813290114404;4.687385521045762;1.9813353863029766;1.5900000000000318;1.7555126434651758;CAR
P_aCIpCOKYbjKgS3hQ205g;16.998984709336582;0.8207466394378571;-0.8457888808073619;4.872719786931915;2.169051107740853;1.5400000000000205;1.7552678891063724;CAR
QTkU_pVmFjL1EXr0uXYO3A;-31.550494953235102;3.1395161235586784;0.16763554659749502;4.071757288553061;2.008449366080806;1.6999999999999886;-2.9603664660419655;CAR
QsaaTDu4_kZ5yreLX2x1Vg;-33.097140337304154;-7.366703548400437;0.3689868280246458;3.859739646317903;1.7807141109239413;1.5300000000000296;0.30573313165251514;CAR
Sb9NKU1z7vYQmAdKG7LKSQ;-54.01268415546838;-0.34370931663124793;0.7603984250099813;4.121082542256067;1.992809092454139;1.660000000000025;-3.0176443668801873;CAR
TOjutZ88CSqrAfA0NqJMXg;-47.89425017905705;-9.565738837769459;0.6514986269011445;5.095047455278499;2.197569807178588;1.9499999999999886;0.1226250217452205;CAR
UiHW1gPW_HQMSgrSsbNNkw;4.732450558773053;23.22911049882896;-1.5940892588905342;4.724638947338789;2.110562345348538;1.6999999999999886;-1.3997226008857093;CAR
VcKmbt_3t562ZlslF9K6uw;25.79110504410528;-22.685086076003245;-0.4507944025842221;4.689026023646978;2.106329359505553;1.8899999999999864;1.949370842101601;CAR
Vgm8olEgb1mzz6efrA61Bg;-66.13185821965635;-5.912816457478584;1.7179614207419718;3.960983998517283;1.9086149547934361;1.6499999999999773;-2.97933759088196;CAR
WrRK7wUYLNlqGXnZcw6TTQ;-17.060079939890784;5.349645647541365;-0.08925424491522449;4.212884754033843;1.8961861854405213;1.670000000000016;-2.987215081739899;CAR
XnoDKcKd524_aIxBMS_7lQ;3.4489270741505607;30.935306747801405;-2.302421081834865;5.018789652647475;2.3630514268366145;1.7800000000000296;-1.4217311926220464;CAR
bPOdPr-weZ4yfqmnDYPyUA;10.885847340166947;1.772552994611033;-0.3615981127094585;4.971987968118076;2.26474272179439;1.829999999999984;-1.3218975021282242;CAR
cB-jeCJKa4Epqr6QTmHPoQ;14.101072356885197;-35.40120587558249;3.3721330041413182;0.09573641333272052;0.48949023773416495;0.45999999999997954;1.7680470223509293;SIGN
cNRV2ULpN_c9_CwZOpsRrA;19.709945963910286;-8.047987349182222;-0.8283955766587212;5.326611730750997;2.203687197948115;1.9599999999999795;1.9330761881654404;CAR
d27U9BDdUPpJ_yonwk5dHA;-72.62110572824713;-13.564360695775576;2.4173250830644974;4.846825282399456;2.333260129963112;1.7699999999999818;0.12674091820471567;CAR
g4oAW43dXNdQIm5Ije92Bw;16.254972098433427;6.012152084865193;-0.9061555243232533;4.260397836719462;2.026867157024968;2.0;1.7136391996240263;CAR
gWr7ViFp9CQ0Uh5HzRb-gw;20.247174558826373;-4.720854961384248;1.4410610902011172;0.1693674885383076;0.5814657463264932;0.2300000000000182;-1.5733923474076388;SIGN
hFn5HbmeQxJmWGNM9z8GdA;-14.32523218266033;-8.723379933212527;0.053102772642944274;4.562155376950732;1.9164572697651314;1.6399999999999864;-1.3998805680636481;CAR
hozauR00RsgvD3vLs_YRtQ;12.969279721950443;-22.48341484781031;0.17805334561273867;5.310188117191314;2.1635127719747724;1.759999999999991;-1.3961132709984336;CAR
jk9isHue7QjtDf0GqoCR6g;4.29492973449851;16.337776945190853;1.5912737861230255;0.1388165510271786;0.5175268206842415;0.18999999999999773;1.7440188953878435;SIGN
k9OstxG43c0P5GCFCExNsA;0.3861518590929336;-6.427424203667215;0.12372387317631706;4.810023135106863;1.9280751764699817;1.5699999999999932;-1.461674508920304;CAR
ktfvcrmibGVYJigpJgZZAg;-14.038719924979887;10.793491837746842;0.2251848530205507;4.601854095547461;2.206255929556728;1.759999999999991;1.7129379360717802;CAR
lM-hv65Oiwg1YIw0JIyl6g;26.06972333107842;-17.65897854438026;2.1197005622308325;0.10447660098932376;0.46414609383344363;0.5;-1.381965696086741;SIGN
mtZsARcXyNhsLhAxds0ONQ;37.09274710808677;-41.833020985108305;1.8349457492273302;0.07324253856797305;0.317135175038113;0.18999999999999773;-3.0042017797995166;SIGN
pPz1JSCPy8Hyc4G2e3P_jQ;27.834988511925985;-29.24697614795332;-0.27228392493088904;5.865457652066106;2.485278172919571;2.2200000000000273;1.774951478209851;CAR
pqOLClofbmjtPT91ysd4Ag;4.830334321735791;-3.977631443235623;2.3635425324717403;0.05848721860864675;0.45085111600169103;0.14999999999997726;2.8792004523532775;SIGN
rKTQbdKc0FWepAZnwYDohQ;4.331612817208224;16.33382858548248;1.7900114351979255;0.14615407855680237;0.7822904127607206;0.7599999999999909;1.744018895387387;SIGN
s0L_knY_G70oWcUpfw996g;19.00275035501727;5.566231841104127;0.5564689159107843;0.07011148002410392;0.9484786642048912;0.5099999999999909;-2.971878979594951;SIGN
uyMi4BdVAyRvwi5ylIBIqA;-57.60116474270217;-11.244654727232046;1.4230901055288712;4.251989735399411;1.9058206061670075;1.8000000000000114;0.12856462924566303;CAR
vtA30Zydp7XiaZ2Sc5xJpA;7.155148083715176;41.226291157927335;-3.4238095495995537;4.422304326799625;2.189950637143284;2.170000000000016;1.721451321288808;CAR
xNRxds-9oSm_l7zJHdVfWA;-29.102794678958162;8.321438398794271;0.24419757322507962;4.443969957253746;1.9351693716844502;1.660000000000025;1.7164198705224658;CAR
zr26RzD5X4_2lqkePzYiWQ;-36.689839802369534;-11.932455327666503;0.5105595294839986;4.124851501319637;1.876571452362635;1.7200000000000273;-1.423668365823632;CAR
zsk_Sr0OnjJpBihUCXVbFw;15.3355389880453;11.390812077351256;-1.0912464728797886;4.679191751331771;1.9019556296033722;1.740000000000009;1.6786384156735217;CAR