13p-vvcIXHc_ZjZQD8IvRA;-58.96604846847913;3.8387575015776747;1.4440742477171966;4.239043947069152;1.9342952158961961;1.8899999999999864;1.6601955396720616;CAR
2cGu8CsqQQ4wDHUTzB__NA;32.16735070149298;-54.33563032850998;0.4207183041003475;3.9947775081549697;1.8750851115463776;1.8199999999999932;1.7560434418316202;CAR
39P8f-sIGqpKZuCKKZBauA;-25.631497040580143;5.440578068019931;1.2945829163144822;0.12185699308038293;0.49089437263980823;0.5099999999999909;0.14923389950982768;SIGN
3MZO6-VVQtrIyGAFMulcTg;-51.61513352843576;5.2619766200896265;1.0441332917026784;4.332327605954803;1.9889920533248147;1.6499999999999773;1.7306569431918186;CAR
3mbZIAHtm9F4zpnfmCopEg;-74.49031217011179;1.3642358994948154;2.605304054509503;4.261777625229857;1.9689136290065;1.6899999999999977;1.7373221292408;CAR
431ChCZLYv1WIGcgMHfW3g;-5.1138749138699495;-7.341120869772567;0.023497245249188836;4.0179241596864355;1.82173474895875;1.8999999999999773;-1.4341096395591353;CAR
4Fh970OcxUFZoP0FR8g3mg;-69.4676569323401;-3.3627868564890377;1.9379763004836832;3.957806722937529;1.7504137873468912;1.240000000000009;-2.9756285478625064;CAR
4d48FhjiqclpfwTCfWHhYA;-75.91359348038895;-2.377334354485356;5.153693120683158;0.10825428382889483;0.5468135620234003;0.7200000000000273;0.09318799956316504;SIGN
5mGYRQo2hRXpDOkikvSSKg;36.118723764073366;-62.7751297551913;3.893126926816194;0.10643660727301454;0.5200382334950683;0.4800000000000182;1.6707111796913674;SIGN
6AXQEepAMeaZA--KP1vKUw;-62.94053726200582;-2.1358672283458873;1.5467224611972483;4.722530381289207;2.1569759720203794;1.7699999999999818;-3.02289088816438;CAR
6k8wf2DIMHbQQ7aC-guUhw;20.06256938399929;-4.599240348959029;1.6466530972212183;0.1725715624258081;0.888261360833779;0.910000000000025;-1.5672874587108858;SIGN
7-OQSSfOjwG23gplrA_Ijw;-26.36800952096928;-6.647595305391405;0.17787965036797004;4.32943839792662;2.012981135915071;1.6499999999999773;0.16292824966154074;CAR
78LgW2BRDGSMNKDcnvpN2g;-36.65614407321118;8.045557564159026;0.8839616753787993;3.359467630443115;1.584628922829787;1.5090257587797282;1.7151803467645328;CAR
7bPAzkhlUbgZo17j_uhJWA;-10.74932580652603;-3.968796442047278;-0.19356117651670957;4.6810495260405185;2.0285250331662468;1.6399999999999864;0.15142394195790576;CAR
8cWxDuMt2Gn2LRP_vJgr-w;-9.409299948843909;6.3838494283581895;-0.19759964288135734;4.682575078502767;2.0489554773528216;1.7200000000000273;-3.019816892470701;CAR
99HpjIdW9frUCY0zbmIBww;-67.1387605063228;2.3137148914720456;1.7898998635199348;5.275224189109435;2.149137543307016;2.569999999999993;-1.38086280030654;CAR
A7IVralGxsMsJ0id8yrGTQ;1.8879190792522422;25.9471059158559;0.6766185377446732;0.13338514539281504;0.53357662308139;0.6299999999999955;-1.3365181186092128;SIGN
AD7-7Ma20f8Vpdta7QHamA;21.93058136597574;-13.94443312520525;-0.5752327121018936;5.851962408622407;2.3660526083348787;2.0600000000000023;1.9907284860629995;CAR
AtH2Kfx3lG5zuzlZ8qI91w;-51.552197414564944;-13.924611077311056;1.251918006839162;3.4910996832763144;1.5811963394710524;1.6000000000000227;-1.3805641776040725;CAR
B42y3hluu9KKu_3l_7MyNg;-41.24606663226041;-8.70693218201177;0.5578689946691782;4.5537561193351515;1.9856683310633665;1.5699999999999932;0.1598614372354885;CAR
Bz55H0VTaneIvVY40UwA3Q;-40.244538073915464;-10.42311836862882;1.7020726252989107;0.10990910628341015;0.551539145324809;0.6100000000000136;0.08947518033274582;SIGN
DD2KcvlDlkv-j1bMhIgnUw;15.583165236737841;-34.18647880958997;0.6187062488487243;4.931686456155289;2.1506895477290566;1.5600000000000023;-1.3449999558647612;CAR
DXNKLJ3AJsS-wwS7eXlCrQ;-77.45441470579317;-4.6900679014461275;2.644605828760575;4.725195022675351;2.1676513314899464;1.6499999999999773;-2.966584674634546;CAR
DbbLRvQ9ho1XyiWtcCnklA;31.482284681289457;-49.03312217694565;0.27524163195474216;5.682796722442331;2.631760576238651;2.7099999999999795;1.7068329964119133;CAR
DsZkruUSRa_sax-pr1WLjA;18.666997797350632;5.687960120695607;-0.3080996536625378;0.09356222016020754;0.8933601764816533;0.8299999999999841;-2.9657740908973556;SIGN
ENR8J71Igxv_ZDHVVrIWfA;9.927322452469525;54.198193432012886;-2.589992903484898;0.1344590267058158;0.5564777245130164;0.660000000000025;-1.4246681181257372;SIGN
Ha0zUiS8cY2BXZeVYYoroA;-44.605248373018185;6.393505689752601;0.6461225431679338;4.171065068318953;1.96635235426721;1.829999999999984;1.751652645190239;CAR
HzX_Acfx5SOpdR9Lp2F9DA;-39.515380919991;1.760818432515407;0.42267082716583104;3.7111937126258874;1.842949328617912;1.9599999999999795;-2.974379365759871;CAR
LKDVkTtEI739qj-rzODkOA;-24.49888572551572;3.899470853451021;0.23900476147491645;4.332184913692887;1.9535516254975949;1.7699999999999818;-2.96409932367453;CAR
OiwgezXTj5zg5Jx_TwDcGw;13.243080474156159;23.05949626607253;-1.8240803415049527;5.766949629308678;2.293197569825524;2.1200000000000045;1.6986316593134472;CAR
PCyzDM62oXM8lR5nItzb0Q;13.99984976799351;16.730009207059993;-1.3150119404671727;4.687385521045759;1.9813353863029752;1.5900000000000318;1.76161753216223;CAR
P_aCIpCOKYbjKgS3hQ205g;16.731757334076974;0.9179561432765695;-0.874100874680579;4.872719786931236;2.169051107739056;1.5400000000000205;1.7612389329503966;CAR
QTkU_pVmFjL1EXr0uXYO3A;-31.827106734883273;2.9392213087794516;0.24707116659945427;4.071757288553066;2.008449366080805;1.6999999999999886;-2.9542615773449126;CAR
QsaaTDu4_kZ5yreLX2x1Vg;-33.30308572469403;-7.595667558313835;0.44535548689768234;3.859739646317907;1.780714110923943;1.5300000000000296;0.3118380203495721;CAR
Sb9NKU1z7vYQmAdKG7LKSQ;-54.26706503451169;-0.6780459121237072;0.8918993234957213;4.121082542256061;1.9928090924541395;1.660000000000025;-3.011539478183133;CAR
TOjutZ88CSqrAfA0NqJMXg;-48.09297666128623;-9.862281018095018;0.7530149457509481;5.095047455278488;2.197569807178587;1.9499999999999886;0.12872991044227433;CAR
UiHW1gPW_HQMSgrSsbNNkw;4.326709866936653;23.256140007140857;-1.5820674404373847;4.7246389473387875;2.110562345348537;1.6999999999999886;-1.3936177121886568;CAR
VcKmbt_3t562ZlslF9K6uw;25.671645496006022;-22.527795028809123;-0.5168239226077276;4.689026023646982;2.1063293595055517;1.8899999999999864;1.9554757307986534;CAR
Vgm8olEgb1mzz6efrA61Bg;-69.55687653800669;-6.871208102239507;2.114220401280761;3.960983998514046;1.9086149547935978;1.6499999999999773;-2.973308559071275;CAR
WrRK7wUYLNlqGXnZcw6TTQ;-17.354341235932225;5.2402379382383515;-0.03982176952811756;4.212884754033844;1.8961861854405226;1.670000000000016;-2.9811101930428436;CAR
XnoDKcKd524_aIxBMS_7lQ;2.9930452686021454;30.95482659840036;-2.302600691816366;5.018789652647471;2.363051426836614;1.7800000000000296;-1.4156263039249928;CAR
bPOdPr-weZ4yfqmnDYPyUA;11.18484652476036;-0.23383335223115864;-0.3854433013162577;4.971987968116847;2.264742721794542;1.829999999999984;-1.3031911925823767;CAR
cB-jeCJKa4Epqr6QTmHPoQ;14.06117123734839;-35.31001123137867;3.3193163505951873;0.09573641333272265;0.48949023773416606;0.45999999999997954;1.7741519110479853;SIGN
cNRV2ULpN_c9_CwZOpsRrA;19.497752934450546;-7.9289396262101945;-0.8656259455098905;5.326611730750998;2.203687197948112;1.9599999999999795;1.9391810768624946;CAR
cPudcbemzNx5Clzdsn6bTw;2.110020794432785;37.11950340080148;-2.5557206989065833;5.268979149466317;2.297934493218458;2.0500000000000114;-1.4259955495330934;CAR
d27U9BDdUPpJ_yonwk5dHA;-72.79115755522616;-14.013476335388987;2.569918067789615;4.846825282399465;2.3332601299631164;1.7699999999999818;0.1328458069017744;CAR
g4oAW43dXNdQIm5Ije92Bw;15.955419241267009;6.113526284508225;-0.9388845363374685;4.260397836719464;2.026867157024967;2.0;1.7197440883210806;CAR
gWr7ViFp9CQ0Uh5HzRb-gw;20.019183160789908;-4.597175166659326;1.3982480550545233;0.1693674885383085;0.58146574632649;0.2300000000000182;-1.5672874587105867;SIGN
hFn5HbmeQxJmWGNM9z8GdA;-14.529992924994076;-8.813279444577347;0.09417513525420418;4.562155376950733;1.9164572697651303;1.6399999999999864;-1.3937756793665952;CAR
hozauR00RsgvD3vLs_YRtQ;12.84244255620979;-22.40046705432269;0.1481545759660321;5.310188117191314;2.163512771974773;1.759999999999991;-1.390008382301382;CAR
jk9isHue7QjtDf0GqoCR6g;3.937212134094807;16.360185102790638;1.60818422975845;0.13881655102717927;0.5175268206842425;0.18999999999999773;1.750123784084904;SIGN
k9OstxG43c0P5GCFCExNsA;0.16719739493055386;-6.424065588976191;0.12248919148092341;4.810023135106862;1.9280751764699817;1.5699999999999932;-1.4555696202232502;CAR
ktfvcrmibGVYJigpJgZZAg;-14.363903802923232;10.70457627414089;0.26900744758199835;4.60185409554746;2.2062559295567272;1.759999999999991;1.7190428247688336;CAR
lM-hv65Oiwg1YIw0JIyl6g;25.923559488095634;-17.500639810611574;2.054946084717585;0.10447660098932339;0.4641460938334412;0.5;-1.3758608073896863;SIGN
mtZsARcXyNhsLhAxds0ONQ;37.09911351621122;-41.59590714444221;1.740161920895929;0.07324253856797697;0.31713517503811245;0.18999999999999773;-2.998096891102449;SIGN
pPz1JSCPy8Hyc4G2e3P_jQ;27.75429041496318;-29.07804894311812;-0.33721255842192477;5.865457652066109;2.485278172919567;2.2200000000000273;1.7810563669069035;CAR
pqOLClofbmjtPT91ysd4Ag;4.596418287781489;-3.9475180366025597;2.3546526241439665;0.05848721860794989;0.4508511160013511;0.14999999999997726;2.889187390814942;SIGN
rKTQbdKc0FWepAZnwYDohQ;3.9748601308110665;16.35620284811648;1.8068773331688135;0.1461540785567998;0.7822904127607212;0.7599999999999909;1.750123784084436;SIGN
s0L_knY_G70oWcUpfw996g;18.71208798456064;5.681127044260393;0.5223370393605364;0.07011148002410025;0.9484786642048901;0.5099999999999909;-2.9657740908978982;SIGN
uyMi4BdVAyRvwi5ylIBIqA;-57.78746484768453;-11.60115451386082;1.5501436954459393;4.251989735399409;1.9058206061670107;1.8000000000000114;0.13466951794271909;CAR
vtA30Zydp7XiaZ2Sc5xJpA;6.054172667083549;44.74597746937343;-3.773155987283559;4.422304326798871;2.1899506371433577;2.170000000000016;1.7276013559325936;CAR
xNRxds-9oSm_l7zJHdVfWA;-29.41232741119893;8.140118158920814;0.32221230073415086;4.443969957253746;1.9351693716844511;1.660000000000025;1.7225247592195192;CAR
zr26RzD5X4_2lqkePzYiWQ;-36.87443905818509;-12.160097106762805;0.5918867599501141;4.124851501319638;1.8765714523626398;1.7200000000000273;-1.4175634771265786;CAR
zsk_Sr0OnjJpBihUCXVbFw;15.00342007623658;11.477586910610626;-1.1157727863844684;4.679191751331774;1.9019556296033693;1.740000000000009;1.684743304370575;CAR