-2a9xuxutTp6ELbMXbQX5Q;35.23613751468292;-67.5276137607998;1.2257665988230428;4.4118466120168565;2.0065602987096613;1.5299999999999727;1.8184177430204311;CAR
13p-vvcIXHc_ZjZQD8IvRA;-59.581144029360075;2.864727341536309;1.6134341621528279;4.23904394706915;1.9342952158961941;1.8899999999999864;1.6765242923952028;CAR
2cGu8CsqQQ4wDHUTzB__NA;32.48957909716228;-53.809574104916464;0.3257202239910555;3.9947775081549617;1.8750851115463743;1.8199999999999932;1.7723721945547624;CAR
39P8f-sIGqpKZuCKKZBauA;-26.273668174177146;5.013985836815664;1.3810915941458006;0.12185699308038543;0.4908943726398102;0.5099999999999909;0.16556265223297872;SIGN
3MZO6-VVQtrIyGAFMulcTg;-52.257172256238846;4.408582003280571;1.1790083783635623;4.332327605954803;1.9889920533248173;1.6499999999999773;1.746985695914959;CAR
3mbZIAHtm9F4zpnfmCopEg;-75.06116826473408;0.13576283668771794;2.7979469238446484;4.261777625229852;1.9689136290064844;1.6899999999999977;1.7536508819639431;CAR
431ChCZLYv1WIGcgMHfW3g;-5.557408404290982;-7.43117525145135;0.045019187545960904;4.017924159686433;1.8217347489587505;1.8999999999999773;-1.4177808868359933;CAR
4Fh970OcxUFZoP0FR8g3mg;-69.9638282861597;-4.507776161996844;2.1174029525386686;3.9578067229375313;1.7504137873468946;1.240000000000009;-2.959299795139356;CAR
4d48FhjiqclpfwTCfWHhYA;-76.41233874528734;-3.64427024494762;5.353589878162779;0.10825428382888926;0.5468135620234027;0.7200000000000273;0.10951675228634583;SIGN
5mGYRQo2hRXpDOkikvSSKg;36.573334560418516;-62.17967504562148;3.768721502759945;0.10643660727300527;0.5200382334950693;0.4800000000000182;1.6870399324145229;SIGN
6AXQEepAMeaZA--KP1vKUw;-63.45857309062376;-3.17404599627298;1.7035953058100404;4.722530381289204;2.1569759720203776;1.7699999999999818;-3.006562135441243;CAR
6k8wf2DIMHbQQ7aC-guUhw;19.57521248019657;-4.275500320482024;1.5974310507771463;0.17257156242580782;0.8882613608337826;0.910000000000025;-1.5509587059877457;SIGN
7-OQSSfOjwG23gplrA_Ijw;-26.819694416035418;-7.085639089335928;0.2549402346934926;4.329438397926625;2.0129811359150724;1.6499999999999773;0.17925700238468245;CAR
78LgW2BRDGSMNKDcnvpN2g;-37.34565151287097;7.436720148396489;0.9933113067669126;3.359467630443117;1.5846289228297885;1.5090257587797282;1.731509099487674;CAR
7bPAzkhlUbgZo17j_uhJWA;-11.240271756018046;-4.152866843320226;-0.16305920634425775;4.681049526040519;2.028525033166247;1.6399999999999864;0.16775269468104703;CAR
8cWxDuMt2Gn2LRP_vJgr-w;-10.077888533383884;6.221910817222124;-0.15820993006298067;4.682575078502768;2.0489554773528225;1.7200000000000273;-3.00348813974756;CAR
8dRUrrUeDUubDlZfh3SdhQ;6.742465391902442;52.924139754481075;-4.514864286004979;4.674572714433571;2.1030602058788705;1.8999999999999773;1.7413161109605007;CAR
99HpjIdW9frUCY0zbmIBww;-67.7260960745607;1.2056193578655439;1.9780113370638617;5.275224189109435;2.1491375433070252;2.569999999999993;-1.3645340475834;CAR
A7IVralGxsMsJ0id8yrGTQ;0.8992475945560727;25.967121858677274;0.7136030271549885;0.13338514539281585;0.5335766230813889;0.6299999999999955;-1.3201893658860782;SIGN
AD7-7Ma20f8Vpdta7QHamA;21.58880225199573;-13.585007841805236;-0.6298918522775523;5.851962408622412;2.3660526083348774;2.0600000000000023;2.007057238786139;CAR
AtH2Kfx3lG5zuzlZ8qI91w;-51.87904156017612;-14.774610649084936;1.3814625291799416;3.491099683276317;1.581196339471046;1.6000000000000227;-1.3642354248809323;CAR
B42y3hluu9KKu_3l_7MyNg;-41.66127681367834;-9.388444547651488;0.668542743460506;4.553756119335146;1.985668331063365;1.5699999999999932;0.17619018995862934;CAR
Bz55H0VTaneIvVY40UwA3Q;-40.63311104146305;-11.087501294178765;1.7986931598556453;0.10990910628341304;0.5515391453248072;0.6100000000000136;0.10580393305589153;SIGN
DD2KcvlDlkv-j1bMhIgnUw;15.577799936152587;-33.93457277252128;0.5764601889877383;4.931686456155287;2.1506895477290553;1.5600000000000023;-1.3286712031416192;CAR
DXNKLJ3AJsS-wwS7eXlCrQ;-77.92426042597981;-5.966395378240122;2.8588385849871543;4.725195022675348;2.1676513314899473;1.6499999999999773;-2.9502559219114053;CAR
DbbLRvQ9ho1XyiWtcCnklA;31.71925587489386;-48.51927865174366;0.19489420864798035;5.682796722442332;2.631760576238643;2.7099999999999795;1.723161749135059;CAR
DsZkruUSRa_sax-pr1WLjA;18.006796912199206;5.988276754774233;-0.340715580151965;0.09356222016021042;0.8933601764816538;0.8299999999999841;-2.949445338174215;SIGN
ENR8J71Igxv_ZDHVVrIWfA;8.464895066412282;54.350302046446814;-2.55262348056678;0.13445902670581056;0.5564777245130192;0.660000000000025;-1.4083393654025824;SIGN
Ha0zUiS8cY2BXZeVYYoroA;-45.266278729672194;5.654797766686897;0.7807181297319801;4.171065068318953;1.9663523542672057;1.829999999999984;1.7679813979133812;CAR
HzX_Acfx5SOpdR9Lp2F9DA;-40.10130878505515;1.1061176351531685;0.5459925409172968;3.71119371262588;1.8429493286179108;1.9599999999999795;-2.958050613036732;CAR
LKDVkTtEI739qj-rzODkOA;-25.12312690978979;3.4905118758451863;0.3197633721085822;4.332184913692889;1.9535516254975949;1.7699999999999818;-2.947770570951389;CAR
OiwgezXTj5zg5Jx_TwDcGw;12.294895211583935;23.26713254047354;-1.8282607980276566;5.766949629308677;2.2931975698255234;2.1200000000000045;1.7149604120365884;CAR
PCyzDM62oXM8lR5nItzb0Q;13.155917866168238;16.95068138798615;-1.3237867601703215;4.687385521045763;1.9813353863029757;1.5900000000000318;1.7779462848853704;CAR
P_aCIpCOKYbjKgS3hQ205g;16.147064369250074;1.1782728868902268;-0.9048953208194064;4.8727197869310475;2.169051107737548;1.5400000000000205;1.7773891208583352;CAR
QTkU_pVmFjL1EXr0uXYO3A;-32.433335714224086;2.405086376747022;0.3396156836388684;4.071757288553066;2.0084493660808063;1.6999999999999886;-2.93793282462177;CAR
QsaaTDu4_kZ5yreLX2x1Vg;-33.728116109134135;-8.178263875704033;0.5324184257193281;3.859739646317904;1.780714110923946;1.5300000000000296;0.32816677307271647;CAR
Sb9NKU1z7vYQmAdKG7LKSQ;-54.8106892503547;-1.5740507560794867;1.0441888541038509;4.121082542256057;1.992809092454139;1.660000000000025;-2.9952107254599936;CAR
TOjutZ88CSqrAfA0NqJMXg;-48.48834511708628;-10.655895041479198;0.8673115830573863;5.095047455278493;2.1975698071785885;1.9499999999999886;0.14505866316541383;CAR
UiHW1gPW_HQMSgrSsbNNkw;3.376713246332656;23.317786815125146;-1.5628109090676787;4.724638947338786;2.1105623453485385;1.6999999999999886;-1.3772889594655136;CAR
VcKmbt_3t562ZlslF9K6uw;25.473909605676454;-22.11036592738219;-0.5957127082113516;4.68902602364698;2.1063293595055512;1.8899999999999864;1.9718044835217947;CAR
Vgm8olEgb1mzz6efrA61Bg;-74.29683384125565;-8.829439344703133;2.7208780392792846;3.9609839985165096;1.9086149547924602;1.6499999999999773;-2.9561669186910935;CAR
WrRK7wUYLNlqGXnZcw6TTQ;-18.005256494812784;4.945296140872415;0.018989744205129;4.212884754033846;1.8961861854405218;1.670000000000016;-2.964781440319702;CAR
XnoDKcKd524_aIxBMS_7lQ;1.9135724690695497;30.994311361355358;-2.2996648851042494;5.0187896526474685;2.3630514268366145;1.7800000000000296;-1.3992975512018508;CAR
XrmgxaI82TP40NS8GUNwWw;17.67477439286631;-44.60240099161547;1.035968070925918;4.991384553629629;2.2541783104013313;2.0600000000000023;-1.313156456046453;CAR
bPOdPr-weZ4yfqmnDYPyUA;11.511670422341922;-3.093959542353332;-0.41848149068110274;4.971987968118234;2.2647427217927896;1.829999999999984;-1.2866912564782897;CAR
cB-jeCJKa4Epqr6QTmHPoQ;14.07451054482408;-35.073887174616175;3.252329624894884;0.09573641333272266;0.48949023773416167;0.45999999999997954;1.7904806637711062;SIGN
cNRV2ULpN_c9_CwZOpsRrA;19.058138007638263;-7.615448596608076;-0.907725929927409;5.3266117307509955;2.203687197948114;1.9599999999999795;1.955509829585635;CAR
cPudcbemzNx5Clzdsn6bTw;0.9317670013369934;37.143581102349344;-2.5164874518524414;5.268979149466316;2.2979344932184587;2.0500000000000114;-1.4096667968099514;CAR
d27U9BDdUPpJ_yonwk5dHA;-73.11094554158626;-15.212045621084144;2.7416312450596934;4.846825282399458;2.33326012996311;1.7699999999999818;0.14917455962491166;CAR
g4oAW43dXNdQIm5Ije92Bw;15.284852592760217;6.372206326052947;-0.9755374823796501;4.260397836719463;2.0268671570249652;2.0;1.7360728410442219;CAR
gWr7ViFp9CQ0Uh5HzRb-gw;19.53048880867027;-4.273722853865365;1.349124925837259;0.16936748853830855;0.5814657463264945;0.2300000000000182;-1.5509587059874441;SIGN
hFn5HbmeQxJmWGNM9z8GdA;-14.947140681219025;-9.056769743539007;0.14208638714188737;4.562155376950732;1.9164572697651288;1.6399999999999864;-1.377446926643454;CAR
hozauR00RsgvD3vLs_YRtQ;12.635611889019856;-22.18744415522451;0.1121048264676574;5.310188117191313;2.1635127719747733;1.759999999999991;-1.3736796295782392;CAR
jk9isHue7QjtDf0GqoCR6g;3.106821902047159;16.413562029434615;1.6333230405909092;0.1388165510271796;0.5175268206842427;0.18999999999999773;1.7664525368080435;SIGN
k9OstxG43c0P5GCFCExNsA;-0.2860991420038772;-6.432690790353263;0.12614846039068084;4.810023135106862;1.9280751764699813;1.5699999999999932;-1.4392408675001105;CAR
ktfvcrmibGVYJigpJgZZAg;-15.101475898698482;10.460619615536416;0.3219498434364141;4.601854095547459;2.206255929556726;1.759999999999991;1.735371577491975;CAR
lM-hv65Oiwg1YIw0JIyl6g;25.648265765303222;-17.08056477351147;1.978184028036253;0.10447660098932253;0.46414609383344335;0.5;-1.3595320546665475;SIGN
mtZsARcXyNhsLhAxds0ONQ;37.222424630937894;-40.97531533829806;1.6264614433598865;0.07324253856797402;0.31713517503810823;0.18999999999999773;-2.981768138379292;SIGN
pPz1JSCPy8Hyc4G2e3P_jQ;27.661429325473364;-28.627097450285873;-0.41417429402019934;5.865457652066107;2.4852781729195685;2.2200000000000273;1.7973851196300457;CAR
pqOLClofbmjtPT91ysd4Ag;4.096639256418712;-3.8752856844339476;2.3443289028575123;0.05848721860804458;0.4508511160020111;0.14999999999997726;2.910695255647335;SIGN
rKTQbdKc0FWepAZnwYDohQ;3.145587498011082;16.409836190153328;1.8319697965253;0.14615407855680246;0.7822904127607206;0.7599999999999909;1.7664525368075807;SIGN
s0L_knY_G70oWcUpfw996g;18.054336971399607;5.9800677194307355;0.49145984706490253;0.07011148002410189;0.9484786642048894;0.5099999999999909;-2.949445338174761;SIGN
uyMi4BdVAyRvwi5ylIBIqA;-58.150691712584376;-12.553793951739863;1.6942898527039176;4.251989735399416;1.905820606167009;1.8000000000000114;0.1509982706658599;CAR
v5Egk7Rf1X0hXa8VgyfwEA;34.11433455876613;-61.03873009093695;0.7544542653789392;4.430239434488037;2.1035636001252205;2.0300000000000296;1.8016858643035958;CAR
vtA30Zydp7XiaZ2Sc5xJpA;3.8948731611235416;49.460609991166166;-4.224097488124897;4.422304326799191;2.1899506371420756;2.170000000000016;1.743990338671809;CAR
xNRxds-9oSm_l7zJHdVfWA;-30.105544243664554;7.650184121957864;0.4142390747794309;4.443969957253747;1.9351693716844487;1.660000000000025;1.7388535119426596;CAR
zr26RzD5X4_2lqkePzYiWQ;-37.23387726780129;-12.769640878129394;0.6838390211286196;4.12485150131964;1.8765714523626393;1.7200000000000273;-1.4012347244034382;CAR
zsk_Sr0OnjJpBihUCXVbFw;14.246114844550902;11.708176821079178;-1.1415519308118292;4.6791917513317705;1.9019556296033706;1.740000000000009;1.7010720570937163;CAR