-2a9xuxutTp6ELbMXbQX5Q;35.460639789434936;-67.31418732061775;1.1181175585195433;4.4118466120168485;2.0065602987096702;1.5299999999999727;1.824433539785577;CAR
13p-vvcIXHc_ZjZQD8IvRA;-59.777063455951065;2.5024144642202373;1.676539248325696;4.239043947069151;1.9342952158962021;1.8899999999999864;1.6825400891603453;CAR
2cGu8CsqQQ4wDHUTzB__NA;32.63249387593714;-53.61419917820058;0.2416742925575761;3.99477750815497;1.875085111546369;1.8199999999999932;1.7783879913199012;CAR
39P8f-sIGqpKZuCKKZBauA;-26.482565903923387;4.853878772644748;1.4158369239763715;0.12185699308038275;0.49089437263981045;0.5099999999999909;0.17157844899812025;SIGN
3MZO6-VVQtrIyGAFMulcTg;-52.46338707533687;4.09106542290192;1.2328377306179732;4.3323276059548;1.9889920533248233;1.6499999999999773;1.7530014926801014;CAR
3mbZIAHtm9F4zpnfmCopEg;-75.23960961494959;-0.32104190792870213;2.8687675099272667;4.261777625229856;1.9689136290064928;1.6899999999999977;1.7596666787290856;CAR
431ChCZLYv1WIGcgMHfW3g;-5.693828333587589;-7.465773109971452;0.045577299889203005;4.017924159686434;1.8217347489587505;1.8999999999999773;-1.4117650900708507;CAR
4Fh970OcxUFZoP0FR8g3mg;-70.11514490937952;-4.9327345168094325;2.1789918841235476;3.957806722937531;1.7504137873468921;1.240000000000009;-2.9532839983742214;CAR
4d48FhjiqclpfwTCfWHhYA;-76.5646510329916;-4.115034562401888;5.422984529525365;0.10825428382889833;0.5468135620234015;0.7200000000000273;0.11553254905146515;SIGN
5mGYRQo2hRXpDOkikvSSKg;36.766130965621414;-61.96126884076875;3.668129451364962;0.1064366072730128;0.5200382334950645;0.4800000000000182;1.6930557291796653;SIGN
6AXQEepAMeaZA--KP1vKUw;-63.61833404225217;-3.5596225490708093;1.7589278505121229;4.722530381289209;2.156975972020378;1.7699999999999818;-3.0005463386760995;CAR
6k8wf2DIMHbQQ7aC-guUhw;19.420690274353547;-4.159083025246218;1.5760003893534815;0.17257156242580665;0.8882613608337775;0.910000000000025;-1.5449429092226015;SIGN
7-OQSSfOjwG23gplrA_Ijw;-26.957670074001726;-7.248543278366014;0.2759066957373193;4.329438397926621;2.0129811359150716;1.6499999999999773;0.1852727991498262;CAR
78LgW2BRDGSMNKDcnvpN2g;-37.5704549777347;7.209326707875334;1.0393149003137694;3.3594676304431172;1.5846289228297854;1.5090257587797282;1.7375248962528174;CAR
7bPAzkhlUbgZo17j_uhJWA;-11.394692186071552;-4.22178920708302;-0.1554702416765963;4.68104952604052;2.028525033166247;1.6399999999999864;0.17376849144618944;CAR
8cWxDuMt2Gn2LRP_vJgr-w;-10.296754483884797;6.160129874796439;-0.13737048633367976;4.682575078502766;2.0489554773528225;1.7200000000000273;-2.9974723429824164;CAR
8dRUrrUeDUubDlZfh3SdhQ;6.2375882650794665;52.96777990313967;-4.4591367596648865;4.674572714433571;2.103060205878872;1.8999999999999773;1.7473319077256448;CAR
99HpjIdW9frUCY0zbmIBww;-67.91121985046993;0.7934269983043123;2.0465873389728984;5.275224189109436;2.1491375433070057;2.569999999999993;-1.358518250818255;CAR
A7IVralGxsMsJ0id8yrGTQ;0.5615355397894746;25.970774752672696;0.7481135933647352;0.13338514539281332;0.5335766230813895;0.6299999999999955;-1.3141735691209306;SIGN
AD7-7Ma20f8Vpdta7QHamA;21.48809045271628;-13.453742882912593;-0.662171582203797;5.851962408622411;2.366052608334877;2.0600000000000023;2.013073035551283;CAR
AtH2Kfx3lG5zuzlZ8qI91w;-51.969263347527885;-15.08970832842806;1.415487385367726;3.491099683276316;1.5811963394710413;1.6000000000000227;-1.3582196281157886;CAR
B42y3hluu9KKu_3l_7MyNg;-41.78477850559102;-9.641213087895267;0.700030568562596;4.553756119335155;1.9856683310633667;1.5699999999999932;0.1822059867237682;CAR
Bz55H0VTaneIvVY40UwA3Q;-40.746535853928435;-11.33452933465287;1.82474294444404;0.10990910628341852;0.5515391453248087;0.6100000000000136;0.11181972982102462;SIGN
DD2KcvlDlkv-j1bMhIgnUw;15.601250797641114;-33.84166852631279;0.5295515238928772;4.931686456155289;2.1506895477290557;1.5600000000000023;-1.3226554063764726;CAR
DXNKLJ3AJsS-wwS7eXlCrQ;-78.06545055421157;-6.440432791392595;2.9300497897948503;4.725195022675358;2.1676513314899455;1.6499999999999773;-2.9442401251462647;CAR
DbbLRvQ9ho1XyiWtcCnklA;31.830753855807416;-48.32902329312219;0.11979839431867845;5.682796722442335;2.6317605762386416;2.7099999999999795;1.7291775459001988;CAR
DsZkruUSRa_sax-pr1WLjA;17.788873931776834;6.096802172944081;-0.3459020333714591;0.09356222016020752;0.8933601764816539;0.8299999999999841;-2.943429541409069;SIGN
ENR8J71Igxv_ZDHVVrIWfA;7.952382628000123;54.40320481460367;-2.4930442200956975;0.1344590267058153;0.5564777245130172;0.660000000000025;-1.40232356863745;SIGN
Ha0zUiS8cY2BXZeVYYoroA;-45.48010288102887;5.379726917529297;0.8336347946309104;4.171065068318951;1.96635235426721;1.829999999999984;1.7739971946785245;CAR
HzX_Acfx5SOpdR9Lp2F9DA;-40.28786754103203;0.86245720081115;0.5902328390342575;3.7111937126258874;1.84294932861791;1.9599999999999795;-2.952034816271593;CAR
LKDVkTtEI739qj-rzODkOA;-25.324776471545192;3.3374956894449497;0.3512830139630978;4.332184913692887;1.9535516254975938;1.7699999999999818;-2.9417547741862466;CAR
OiwgezXTj5zg5Jx_TwDcGw;11.971380576633237;23.34161139436128;-1.8099416123746437;5.7669496293086775;2.293197569825525;2.1200000000000045;1.7209762088017309;CAR
PCyzDM62oXM8lR5nItzb0Q;12.870728297215464;17.030193322573723;-1.3129132663605674;4.687385521045762;1.9813353863029748;1.5900000000000318;1.7839620816505128;CAR
P_aCIpCOKYbjKgS3hQ205g;15.957227656017494;1.2739484362464282;-0.9154987571609183;4.872719786931198;2.1690511077378583;1.5400000000000205;1.78336026390072;CAR
QTkU_pVmFjL1EXr0uXYO3A;-32.62797276078891;2.20668831513467;0.37516807912291483;4.071757288553062;2.0084493660808045;1.6999999999999886;-2.9319170278566307;CAR
QsaaTDu4_kZ5yreLX2x1Vg;-33.856712209786565;-8.390789571310961;0.5568281780523137;3.859739646317899;1.7807141109239433;1.5300000000000296;0.3341825698378571;CAR
Sb9NKU1z7vYQmAdKG7LKSQ;-54.980604209471494;-1.9067342910348088;1.0973895175051496;4.121082542256067;1.9928090924541388;1.660000000000025;-2.9891949286948516;CAR
TOjutZ88CSqrAfA0NqJMXg;-48.60396487602884;-10.95022037140643;0.9004797529948121;5.095047455278496;2.1975698071785885;1.9499999999999886;0.15107445993055713;CAR
UiHW1gPW_HQMSgrSsbNNkw;3.0531367407693324;23.338428057935744;-1.5359864773842844;4.724638947338783;2.1105623453485385;1.6999999999999886;-1.3712731627003703;CAR
VcKmbt_3t562ZlslF9K6uw;25.425517135130576;-21.956548617718;-0.6433476901731296;4.68902602364698;2.106329359505552;1.8899999999999864;1.9778202802869362;CAR
Vgm8olEgb1mzz6efrA61Bg;-75.49577489917465;-9.491016049216341;2.889679272228989;3.960983998517191;1.9086149547924671;1.6499999999999773;-2.94994784301746;CAR
WrRK7wUYLNlqGXnZcw6TTQ;-18.21686197485724;4.83482011826618;0.04434319399095443;4.212884754033844;1.8961861854405209;1.670000000000016;-2.9587656435545613;CAR
XnoDKcKd524_aIxBMS_7lQ;1.5426042515155132;31.00683149984252;-2.269145513379982;5.018789652647475;2.3630514268366136;1.7800000000000296;-1.3932817544367082;CAR
XrmgxaI82TP40NS8GUNwWw;17.762769190778272;-44.49742195331146;0.9701676188823001;4.991384553629617;2.254178310401335;2.0600000000000023;-1.3071406592813093;CAR
bPOdPr-weZ4yfqmnDYPyUA;11.598064772811995;-3.854842125615505;-0.42470665744943403;4.971987968117229;2.2647427217938345;1.829999999999984;-1.2802981668929436;CAR
cB-jeCJKa4Epqr6QTmHPoQ;14.105480945150703;-34.989798899368;3.19858656652994;0.0957364133327276;0.4894902377341625;0.45999999999997954;1.7964964605362423;SIGN
cNRV2ULpN_c9_CwZOpsRrA;18.921473768437863;-7.500571369803765;-0.9304177523124224;5.326611730750999;2.203687197948112;1.9599999999999795;1.9615256263507783;CAR
cPudcbemzNx5Clzdsn6bTw;0.5242476018502202;37.15010007237379;-2.4707217065530642;5.268979149466311;2.2979344932184573;2.0500000000000114;-1.4036510000448126;CAR
d27U9BDdUPpJ_yonwk5dHA;-73.19700790004208;-15.656774982790921;2.7919610696043264;4.846825282399463;2.333260129963113;1.7699999999999818;0.15519035639005363;CAR
g4oAW43dXNdQIm5Ije92Bw;15.063505238023936;6.4653786968119675;-0.982377339722234;4.260397836719462;2.026867157024966;2.0;1.7420886378093643;CAR
gWr7ViFp9CQ0Uh5HzRb-gw;19.375454009148598;-4.156909518478642;1.3277347090830744;0.16936748853830744;0.5814657463264961;0.2300000000000182;-1.5449429092223024;SIGN
hFn5HbmeQxJmWGNM9z8GdA;-15.07332833905275;-9.147805338699982;0.1504204444671018;4.562155376950732;1.9164572697651285;1.6399999999999864;-1.3714311298783108;CAR
hozauR00RsgvD3vLs_YRtQ;12.585941602914318;-22.110275143930266;0.07885634777403538;5.310188117191311;2.1635127719747707;1.759999999999991;-1.3676638328130972;CAR
jk9isHue7QjtDf0GqoCR6g;2.827282551521421;16.429674574534147;1.6550832423769464;0.1388165510271813;0.517526820684242;0.18999999999999773;1.772468333573178;SIGN
k9OstxG43c0P5GCFCExNsA;-0.42593007400682836;-6.439002562021415;0.12310314391297084;4.810023135106864;1.9280751764699815;1.5699999999999932;-1.4332250707349665;CAR
ktfvcrmibGVYJigpJgZZAg;-15.345494838009472;10.367916034081645;0.3502679079252857;4.60185409554746;2.206255929556727;1.759999999999991;1.7413873742571173;CAR
lM-hv65Oiwg1YIw0JIyl6g;25.571295155139524;-16.927779383891902;1.9358408081475318;0.10447660098932172;0.46414609383344063;0.5;-1.35351625790141;SIGN
mtZsARcXyNhsLhAxds0ONQ;37.2905481571961;-40.74820295398422;1.5486436450688927;0.07324253856797516;0.31713517503811944;0.18999999999999773;-2.975752341614145;SIGN
pPz1JSCPy8Hyc4G2e3P_jQ;27.651881971745752;-28.46066676062219;-0.4682001556894875;5.865457652066104;2.485278172919569;2.2200000000000273;1.803400916395189;CAR
pqOLClofbmjtPT91ysd4Ag;3.939153621542573;-3.8521386922193415;2.337518580053313;0.05848721860846393;0.450851116002777;0.14999999999997726;2.9180061935517196;SIGN
rKTQbdKc0FWepAZnwYDohQ;2.866478457042831;16.425631985725886;1.8537027550961511;0.14615407855680462;0.7822904127607212;0.7599999999999909;1.7724683335727232;SIGN
s0L_knY_G70oWcUpfw996g;17.83657422552278;6.087895391293387;0.48651286657661785;0.07011148002410171;0.9484786642048908;0.5099999999999909;-2.9434295414096163;SIGN
uyMi4BdVAyRvwi5ylIBIqA;-58.253856793968225;-12.907212289545896;1.735916764151483;4.251989735399409;1.9058206061670078;1.8000000000000114;0.15701406743099744;CAR
v5Egk7Rf1X0hXa8VgyfwEA;34.298162937329835;-60.833918970247396;0.6589391166031362;4.4302394344880405;2.103563600125217;2.0300000000000296;1.807701661068739;CAR
vtA30Zydp7XiaZ2Sc5xJpA;3.1911873721892334;50.642334225952254;-4.287071142610301;4.422304326798677;2.1899506371432005;2.170000000000016;1.7500211971638624;CAR
xNRxds-9oSm_l7zJHdVfWA;-30.332222330604054;7.467012344172872;0.4540083892538007;4.443969957253746;1.935169371684449;1.660000000000025;1.7448693087078029;CAR
zr26RzD5X4_2lqkePzYiWQ;-37.337098997268185;-12.99574370047776;0.7061203684745578;4.124851501319636;1.8765714523626407;1.7200000000000273;-1.3952189276382958;CAR
zsk_Sr0OnjJpBihUCXVbFw;13.99278546962887;11.792318675007664;-1.1402696320791392;4.679191751331771;1.9019556296033706;1.740000000000009;1.7070878538588588;CAR