-2a9xuxutTp6ELbMXbQX5Q;35.78125031610398;-67.0407129103778;0.9953598150787002;4.411846612016855;2.0065602987096676;1.5299999999999727;1.832178557192032;CAR
13p-vvcIXHc_ZjZQD8IvRA;-59.99243187279353;2.032863495138372;1.6919571797010917;4.23904394706915;1.9342952158961924;1.8899999999999864;1.690285106566809;CAR
2cGu8CsqQQ4wDHUTzB__NA;32.84878029736865;-53.363858667130444;0.14877339183848903;3.9947775081549675;1.8750851115463762;1.8199999999999932;1.7861330087263694;CAR
39P8f-sIGqpKZuCKKZBauA;-26.71582612570637;4.644119447214507;1.4309118736441633;0.12185699308038335;0.49089437263980895;0.5099999999999909;0.17932346640457153;SIGN
3MZO6-VVQtrIyGAFMulcTg;-52.69169573547879;3.6791279169528934;1.2458005811998305;4.332327605954801;1.9889920533248182;1.6499999999999773;1.7607465100865651;CAR
3mbZIAHtm9F4zpnfmCopEg;-75.43276284915919;-0.9121256758062373;2.8778108337472474;4.261777625229855;1.9689136290064855;1.6899999999999977;1.7674116961355484;CAR
431ChCZLYv1WIGcgMHfW3g;-5.833980681038156;-7.513354781782255;0.03539111983508292;4.017924159686436;1.8217347489587508;1.8999999999999773;-1.4040200726643874;CAR
4Fh970OcxUFZoP0FR8g3mg;-70.27280774096471;-5.48239030176137;2.1800272605586315;3.9578067229375233;1.7504137873468943;1.240000000000009;-2.945538980967751;CAR
4d48FhjiqclpfwTCfWHhYA;-76.7266662400707;-4.723418112056606;5.427170906656954;0.10825428382888405;0.5468135620233991;0.7200000000000273;0.12327756645790622;SIGN
5mGYRQo2hRXpDOkikvSSKg;37.0442367931264;-61.682114887950775;3.5567910392908857;0.10643660727301058;0.52003823349506;0.4800000000000182;1.7008007465861361;SIGN
6AXQEepAMeaZA--KP1vKUw;-63.78699157271694;-4.058725269996103;1.7597415618712375;4.722530381289193;2.156975972020377;1.7699999999999818;-2.9928013212696385;CAR
6k8wf2DIMHbQQ7aC-guUhw;19.25473152876657;-4.013368893293773;1.565908165454431;0.17257156242580723;0.8882613608337783;0.910000000000025;-1.5371978918161389;SIGN
7-OQSSfOjwG23gplrA_Ijw;-27.09879853415987;-7.46097443092458;0.2693050183918899;4.32943839792662;2.012981135915072;1.6499999999999773;0.19301781655628947;CAR
78LgW2BRDGSMNKDcnvpN2g;-37.82321161149957;6.913054025827478;1.0582686199325906;3.3594676304431164;1.5846289228297827;1.5090257587797282;1.7452699136592802;CAR
7bPAzkhlUbgZo17j_uhJWA;-11.557866068018484;-4.3133993425262815;-0.16115923662169962;4.6810495260405185;2.028525033166247;1.6399999999999864;0.1815135088526536;CAR
8cWxDuMt2Gn2LRP_vJgr-w;-10.542266925651347;6.076952143102062;-0.12247807116546028;4.682575078502767;2.048955477352822;1.7200000000000273;-2.9897273255759536;CAR
8dRUrrUeDUubDlZfh3SdhQ;5.628332636921186;53.01863010546731;-4.3670718395297285;4.6745727144335705;2.1030602058788697;1.8999999999999773;1.755076925132105;CAR
99HpjIdW9frUCY0zbmIBww;-68.11302060672278;0.25969643039843504;2.0599250179605804;5.275224189109435;2.1491375433070186;2.569999999999993;-1.350773233411793;CAR
A7IVralGxsMsJ0id8yrGTQ;0.16243714750271465;25.970443433090622;0.797647131295264;0.13338514539281526;0.5335766230813889;0.6299999999999955;-1.306428551714473;SIGN
AD7-7Ma20f8Vpdta7QHamA;21.393054570351524;-13.288159841379638;-0.6872323790205712;5.851962408622409;2.3660526083348765;2.0600000000000023;2.020818052957747;CAR
AtH2Kfx3lG5zuzlZ8qI91w;-52.04885289147569;-15.497515245250725;1.397120615901656;3.4910996832763166;1.58119633947105;1.6000000000000227;-1.3504746107093246;CAR
B42y3hluu9KKu_3l_7MyNg;-41.90691136144778;-9.969051310508803;0.6906371387683237;4.553756119335154;1.985668331063366;1.5699999999999932;0.1899510041302368;CAR
Bz55H0VTaneIvVY40UwA3Q;-40.856247764797445;-11.655160450096446;1.8096862080842016;0.10990910628341566;0.5515391453248096;0.6100000000000136;0.1195647472275101;SIGN
DD2KcvlDlkv-j1bMhIgnUw;15.664893051449326;-33.724097122002604;0.4724912791276381;4.931686456155284;2.1506895477290553;1.5600000000000023;-1.3149103889700124;CAR
DXNKLJ3AJsS-wwS7eXlCrQ;-78.21075510210721;-7.053321338342357;2.933428253397949;4.725195022675346;2.167651331489946;1.6499999999999773;-2.9364951077398027;CAR
DbbLRvQ9ho1XyiWtcCnklA;32.006356845768096;-48.08564611637212;0.038492159154913;5.682796722442325;2.631760576238645;2.7099999999999795;1.7369225633066598;CAR
DsZkruUSRa_sax-pr1WLjA;17.543552950937737;6.232510469320914;-0.33467379650736007;0.09356222016020821;0.8933601764816539;0.8299999999999841;-2.9356845240026095;SIGN
ENR8J71Igxv_ZDHVVrIWfA;7.331900484701691;54.46534424528181;-2.394868739962334;0.13445902670581195;0.5564777245130169;0.660000000000025;-1.3945785512309916;SIGN
Ha0zUiS8cY2BXZeVYYoroA;-45.71832345983785;5.02232898344846;0.8520569007885967;4.171065068318952;1.9663523542672132;1.829999999999984;1.7817422120849864;CAR
HzX_Acfx5SOpdR9Lp2F9DA;-40.491193737685535;0.5457089780511524;0.6013131935178819;3.711193712625877;1.8429493286179102;1.9599999999999795;-2.944289798865129;CAR
LKDVkTtEI739qj-rzODkOA;-25.547904408889735;3.1371365882760074;0.36311484937948535;4.332184913692886;1.9535516254975938;1.7699999999999818;-2.9340097567797856;CAR
OiwgezXTj5zg5Jx_TwDcGw;11.59183648200451;23.43292547765759;-1.7691293480446006;5.766949629308677;2.2931975698255247;2.1200000000000045;1.7287212262081955;CAR
PCyzDM62oXM8lR5nItzb0Q;12.540101686907292;17.128256886492636;-1.282751964866577;4.687385521045762;1.981335386302974;1.5900000000000318;1.791707099056973;CAR
P_aCIpCOKYbjKgS3hQ205g;15.74853864878969;1.3940341743691533;-0.9141502201858032;4.872719786931681;2.1690511077387145;1.5400000000000205;1.79106061291127;CAR
QTkU_pVmFjL1EXr0uXYO3A;-32.8417697512341;1.9484949122970647;0.3845007105611842;4.071757288553062;2.008449366080804;1.6999999999999886;-2.924172010450168;CAR
QsaaTDu4_kZ5yreLX2x1Vg;-33.9862344392659;-8.66471589232151;0.5474316366440632;3.8597396463179074;1.7807141109239424;1.5300000000000296;0.3419275872443217;CAR
Sb9NKU1z7vYQmAdKG7LKSQ;-55.16210649435925;-2.3377805113295835;1.103990153783144;4.121082542256063;1.9928090924541388;1.660000000000025;-2.9814499112883888;CAR
TOjutZ88CSqrAfA0NqJMXg;-48.71594834152165;-11.331478461163897;0.8865129531399418;5.095047455278497;2.1975698071785863;1.9499999999999886;0.15881947733701685;CAR
UiHW1gPW_HQMSgrSsbNNkw;2.673920150318736;23.360570496377477;-1.4937836720262965;4.724638947338783;2.1105623453485385;1.6999999999999886;-1.3635281452939079;CAR
VcKmbt_3t562ZlslF9K6uw;25.397245005142395;-21.761171899705914;-0.6859120684737832;4.689026023646981;2.106329359505552;1.8899999999999864;1.9855652976934035;CAR
Vgm8olEgb1mzz6efrA61Bg;-76.6910411232202;-10.302031921569323;2.9913391711285726;3.9609839985146884;1.9086149547927538;1.6499999999999773;-2.941999479909268;CAR
WrRK7wUYLNlqGXnZcw6TTQ;-18.452571028841703;4.6893285564292455;0.056607215126661004;4.212884754033847;1.8961861854405215;1.670000000000016;-2.951020626148098;CAR
XnoDKcKd524_aIxBMS_7lQ;1.1034592097730636;31.01831421622046;-2.2196867784827248;5.018789652647479;2.363051426836614;1.7800000000000296;-1.3855367370302436;CAR
XrmgxaI82TP40NS8GUNwWw;17.90856865412934;-44.36394833200666;0.8893148832709983;4.991384553629621;2.2541783104013287;2.0600000000000023;-1.2993956418748493;CAR
bPOdPr-weZ4yfqmnDYPyUA;11.685603359810557;-4.595758231229411;-0.4283024314818533;4.9719879681180315;2.2647427217920657;1.829999999999984;-1.2721757326940113;CAR
cB-jeCJKa4Epqr6QTmHPoQ;14.176992307495311;-34.884851286642515;3.1327867439300974;0.09573641333271844;0.48949023773416117;0.45999999999997954;1.8042414779427087;SIGN
cNRV2ULpN_c9_CwZOpsRrA;18.78067531347915;-7.355879509409533;-0.9442415282081527;5.326611730750998;2.2036871979481094;1.9599999999999795;1.969270643757242;CAR
cPudcbemzNx5Clzdsn6bTw;0.03813360646927322;37.15355347150398;-2.403009405294739;5.26897914946632;2.297934493218457;2.0500000000000114;-1.3959059826383502;CAR
d27U9BDdUPpJ_yonwk5dHA;-73.27157362701655;-16.231483507051962;2.7726125643744126;4.846825282399456;2.333260129963112;1.7699999999999818;0.16293537379651601;CAR
g4oAW43dXNdQIm5Ije92Bw;14.815576208189668;6.577163501760879;-0.9686756665078065;4.260397836719463;2.0268671570249643;2.0;1.7498336552158271;CAR
gWr7ViFp9CQ0Uh5HzRb-gw;19.209438309046163;-4.010514773955947;1.317649695979867;0.1693674885383078;0.5814657463264905;0.2300000000000182;-1.5371978918158393;SIGN
hFn5HbmeQxJmWGNM9z8GdA;-15.199891038915666;-9.267809046074944;0.13948489630837457;4.562155376950731;1.916457269765129;1.6399999999999864;-1.363686112471847;CAR
hozauR00RsgvD3vLs_YRtQ;12.556749721417873;-22.01400529673265;0.040349068356363205;5.3101881171913154;2.163512771974773;1.759999999999991;-1.359918815406634;CAR
jk9isHue7QjtDf0GqoCR6g;2.502066781575195;16.445745601341514;1.68774198909162;0.13881655102718218;0.5175268206842425;0.18999999999999773;1.7802133509796443;SIGN
k9OstxG43c0P5GCFCExNsA;-0.5713907516819744;-6.449224857742593;0.11413994720689402;4.810023135106862;1.9280751764699815;1.5699999999999932;-1.4254800533285028;CAR
ktfvcrmibGVYJigpJgZZAg;-15.623522538007819;10.244636872190313;0.37122542824442917;4.601854095547459;2.206255929556729;1.759999999999991;1.7491323916635801;CAR
lM-hv65Oiwg1YIw0JIyl6g;25.504353656717285;-16.734595200008698;1.9018048102498142;0.10447660098931866;0.4641460938334472;0.5;-1.3457712404949436;SIGN
mtZsARcXyNhsLhAxds0ONQ;37.40932794797118;-40.45904315503958;1.473687697190968;0.07324253856797708;0.3171351750381098;0.18999999999999773;-2.9680073242076763;SIGN
pPz1JSCPy8Hyc4G2e3P_jQ;27.673235604048386;-28.248759097209586;-0.5194216351877685;5.865457652066109;2.4852781729195685;2.2200000000000273;1.8111459338016527;CAR
pqOLClofbmjtPT91ysd4Ag;3.7701541285096027;-3.82651112302392;2.3298919659449098;0.058487218609987686;0.45085111600211697;0.14999999999997726;2.9270467776644375;SIGN
rKTQbdKc0FWepAZnwYDohQ;2.541322233111714;16.441155771786725;1.8863617780164077;0.14615407855680612;0.7822904127607208;0.7599999999999909;1.780213350979185;SIGN
s0L_knY_G70oWcUpfw996g;17.590907101810444;6.222566828706476;0.4980113016139285;0.07011148002410536;0.9484786642048912;0.5099999999999909;-2.935684524003151;SIGN
uyMi4BdVAyRvwi5ylIBIqA;-58.35015188374382;-13.364484829270623;1.721494854583483;4.251989735399413;1.9058206061670093;1.8000000000000114;0.16475908483746338;CAR
v5Egk7Rf1X0hXa8VgyfwEA;34.56724418232989;-60.571281394431026;0.5514125610834242;4.4302394344880405;2.103563600125212;2.0300000000000296;1.8154466784752028;CAR
vtA30Zydp7XiaZ2Sc5xJpA;2.370906339770954;51.823646029266456;-4.314043139953327;4.4223043267989866;2.189950637142211;2.170000000000016;1.7577812812461344;CAR
xNRxds-9oSm_l7zJHdVfWA;-30.587250516140557;7.227674805950301;0.47266208457804737;4.443969957253745;1.9351693716844454;1.660000000000025;1.7526143261142657;CAR
zr26RzD5X4_2lqkePzYiWQ;-37.433483912704105;-13.289167272166196;0.6889825684503421;4.124851501319639;1.8765714523626396;1.7200000000000273;-1.3874739102318323;CAR
zsk_Sr0OnjJpBihUCXVbFw;13.702769547540811;11.897055437912968;-1.122066188994154;4.679191751331772;1.9019556296033702;1.740000000000009;1.7148328712653225;CAR