-2a9xuxutTp6ELbMXbQX5Q;36.6019894351266;-66.35719839798094;0.568461223673296;4.411846612016863;2.0065602987096596;1.5299999999999727;1.8513348540164278;CAR
13p-vvcIXHc_ZjZQD8IvRA;-60.47155711108098;0.862921856209141;1.6180784394804846;4.23904394706915;1.9342952158961972;1.8899999999999864;1.7094414033912049;CAR
2cGu8CsqQQ4wDHUTzB__NA;33.41335933477421;-52.738343484434154;-0.1742449439701943;3.994777508154964;1.8750851115463707;1.8199999999999932;1.8052893055507662;CAR
39P8f-sIGqpKZuCKKZBauA;-27.25109709307617;4.116189979587034;1.4239275062701608;0.12185699308038311;0.49089437263981;0.5099999999999909;0.1984797632289772;SIGN
3MZO6-VVQtrIyGAFMulcTg;-53.20349468507811;2.6524274798621263;1.1861802934814136;4.332327605954801;1.988992053324821;1.6499999999999773;1.779902806910961;CAR
3mbZIAHtm9F4zpnfmCopEg;-75.85482319375842;-2.3839489860711183;2.752580029777363;4.261777625229854;1.968913629006497;1.6899999999999977;1.7865679929599452;CAR
431ChCZLYv1WIGcgMHfW3g;-6.138605716649181;-7.63535110482735;-0.026267320412159734;4.017924159686435;1.8217347489587514;1.8999999999999773;-1.384863775839991;CAR
4Fh970OcxUFZoP0FR8g3mg;-70.60698355692148;-6.8481727745784156;2.033031535149462;3.9578067229375344;1.7504137873468912;1.240000000000009;-2.9263826841433627;CAR
5mGYRQo2hRXpDOkikvSSKg;37.75695688535234;-60.99166525340297;3.174323954051772;0.10643660727301212;0.520038233495068;0.4800000000000182;1.7199570434105178;SIGN
6AXQEepAMeaZA--KP1vKUw;-64.14973768541495;-5.299777076686041;1.6277545913401354;4.722530381289208;2.156975972020377;1.7699999999999818;-2.97364502444524;CAR
6k8wf2DIMHbQQ7aC-guUhw;18.877988017511598;-3.6629151809547693;1.5624394959544645;0.17257156242580715;0.8882613608337809;0.910000000000025;-1.5180415949917427;SIGN
7-OQSSfOjwG23gplrA_Ijw;-27.40056855232433;-7.9898038543205985;0.17655717586973196;4.329438397926625;2.012981135915071;1.6499999999999773;0.2121741133806858;CAR
78LgW2BRDGSMNKDcnvpN2g;-38.398806134549886;6.1713547855797515;1.0492190461953044;3.359467630443115;1.5846289228297898;1.5090257587797282;1.7644262104836752;CAR
7bPAzkhlUbgZo17j_uhJWA;-11.91815493957256;-4.543639799602715;-0.2125880084914229;4.6810495260405185;2.028525033166248;1.6399999999999864;0.2006698056770495;CAR
8cWxDuMt2Gn2LRP_vJgr-w;-11.105224510363769;5.863990813987584;-0.0933204615333807;4.682575078502766;2.048955477352822;1.7200000000000273;-2.970571028751558;CAR
8dRUrrUeDUubDlZfh3SdhQ;4.170970209834195;53.1345216419968;-3.984399584201924;4.674572714433573;2.103060205878872;1.8999999999999773;1.7742332219565018;CAR
99HpjIdW9frUCY0zbmIBww;-68.55778264751098;-1.069998441239477;1.9607688198730386;5.275224189109438;2.1491375433070123;2.569999999999993;-1.3316169365873958;CAR
A7IVralGxsMsJ0id8yrGTQ;-0.7828853347273252;25.955020118882203;0.9873950753365079;0.13338514539281596;0.5335766230813898;0.6299999999999955;-1.2872722548900704;SIGN
AD7-7Ma20f8Vpdta7QHamA;21.193909283549146;-12.88169581625607;-0.7502639551270534;5.851962408622411;2.3660526083348823;2.0600000000000023;2.039974349782142;CAR
AtH2Kfx3lG5zuzlZ8qI91w;-52.19420844524939;-16.508932395763622;1.206629050287745;3.491099683276317;1.5811963394710433;1.6000000000000227;-1.3313183138849283;CAR
B42y3hluu9KKu_3l_7MyNg;-42.15863783158784;-10.782820973828166;0.5564493020751513;4.553756119335158;1.9856683310633678;1.5699999999999932;0.20910730095463226;CAR
Bz55H0VTaneIvVY40UwA3Q;-41.07834602487492;-12.45259137904577;1.6599535422227518;0.10990910628341385;0.5515391453248071;0.6100000000000136;0.1387210440519029;SIGN
DD2KcvlDlkv-j1bMhIgnUw;15.857001042500997;-33.43212706387294;0.26112818983082775;4.9316864561552824;2.1506895477290553;1.5600000000000023;-1.295754092145615;CAR
DXNKLJ3AJsS-wwS7eXlCrQ;-78.51429339547212;-8.577306352312007;2.7696313643348844;4.72519502267535;2.167651331489945;1.6499999999999773;-2.9173388109154037;CAR
DbbLRvQ9ho1XyiWtcCnklA;32.47012452564013;-47.47977676656592;-0.24377435279731685;5.682796722442328;2.6317605762386376;2.7099999999999795;1.7560788601310584;CAR
DsZkruUSRa_sax-pr1WLjA;16.974644942854866;6.561032506947413;-0.26147904405334543;0.0935622201602055;0.8933601764816532;0.8299999999999841;-2.9165282271782127;SIGN
ENR8J71Igxv_ZDHVVrIWfA;5.844911896954727;54.60281619592297;-1.995150399951882;0.13445902670581317;0.5564777245130178;0.660000000000025;-1.3754222544065848;SIGN
Ha0zUiS8cY2BXZeVYYoroA;-46.2560121422448;4.130552439019084;0.8208330930496288;4.171065068318954;1.9663523542672163;1.829999999999984;1.8008985089093823;CAR
HzX_Acfx5SOpdR9Lp2F9DA;-40.94386854448385;-0.24403766024715878;0.5486681179959589;3.711193712625883;1.8429493286179113;1.9599999999999795;-2.9251335020407296;CAR
LKDVkTtEI739qj-rzODkOA;-26.052644148297986;2.634613524260203;0.34837232251379646;4.3321849136928865;1.9535516254975944;1.7699999999999818;-2.9148534599553866;CAR
OiwgezXTj5zg5Jx_TwDcGw;10.695020727413066;23.649388007960624;-1.5852876222763825;5.766949629308678;2.293197569825524;2.1200000000000045;1.7478775230325923;CAR
PCyzDM62oXM8lR5nItzb0Q;11.763333020129721;17.362533622131195;-1.1413113311911047;4.687385521045763;1.9813353863029728;1.5900000000000318;1.8108633958813707;CAR
P_aCIpCOKYbjKgS3hQ205g;15.271314283898391;1.6869533052322367;-0.8814948161852101;4.872719786931979;2.1690511077390924;1.5400000000000205;1.810127544874332;CAR
QTkU_pVmFjL1EXr0uXYO3A;-33.32167374803976;1.3044054001029508;0.34724989720805866;4.071757288553066;2.008449366080806;1.6999999999999886;-2.9050157136257675;CAR
QsaaTDu4_kZ5yreLX2x1Vg;-34.258699410658664;-9.341688903535214;0.4321498823684635;3.8597396463179066;1.7807141109239435;1.5300000000000296;0.36108388406871583;CAR
Sb9NKU1z7vYQmAdKG7LKSQ;-55.55770723601745;-3.409534378565695;1.005419343010061;4.12108254225606;1.9928090924541406;1.660000000000025;-2.9622936144639893;CAR
TOjutZ88CSqrAfA0NqJMXg;-48.941417564987205;-12.277646647840811;0.7259261166523459;5.095047455278488;2.1975698071785876;1.9499999999999886;0.17797577416141763;CAR
UiHW1gPW_HQMSgrSsbNNkw;1.780084213032751;23.406294832871026;-1.3235472179829628;4.724638947338788;2.1105623453485376;1.6999999999999886;-1.344371848469513;CAR
VcKmbt_3t562ZlslF9K6uw;25.361506009277946;-21.277980743969238;-0.8073778572386345;4.689026023646978;2.10632935950555;1.8899999999999864;2.0047215945178003;CAR
WrRK7wUYLNlqGXnZcw6TTQ;-18.98918597986267;4.323000744750971;0.061166352549122394;4.212884754033848;1.8961861854405229;1.670000000000016;-2.9318643293237;CAR
XnoDKcKd524_aIxBMS_7lQ;0.06358656937300111;31.03756499180963;-2.0100592944783386;5.018789652647474;2.3630514268366145;1.7800000000000296;-1.366380440205847;CAR
XrmgxaI82TP40NS8GUNwWw;18.301849649842552;-44.03156071590365;0.5959103297375066;4.991384553629621;2.254178310401333;2.0600000000000023;-1.2802393450504492;CAR
bPOdPr-weZ4yfqmnDYPyUA;11.884874789726382;-6.0739099115317;-0.4414257642788755;4.97198796811783;2.264742721793798;1.829999999999984;-1.2549972200536952;CAR
cB-jeCJKa4Epqr6QTmHPoQ;14.385805477362737;-34.63081979015715;2.8970319833647693;0.09573641333272162;0.48949023773416445;0.45999999999997954;1.8233977747671233;SIGN
cNRV2ULpN_c9_CwZOpsRrA;18.469758253249893;-7.001103705128116;-0.9680763169965019;5.326611730750998;2.203687197948114;1.9599999999999795;1.988426940581638;CAR
cPudcbemzNx5Clzdsn6bTw;-1.1175483911047195;37.15131597614072;-2.1366003014306045;5.268979149466323;2.297934493218457;2.0500000000000114;-1.376749685813954;CAR
d27U9BDdUPpJ_yonwk5dHA;-73.4014553943216;-17.658354573899487;2.5390883339251786;4.846825282399451;2.333260129963114;1.7699999999999818;0.1820916706209177;CAR
g4oAW43dXNdQIm5Ije92Bw;14.241101881842042;6.848063966928748;-0.8942679926594792;4.260397836719462;2.026867157024967;2.0;1.7689899520402257;CAR
gWr7ViFp9CQ0Uh5HzRb-gw;18.833548974505902;-3.6567185325939136;1.3141414268101244;0.1693674885383078;0.5814657463264933;0.2300000000000182;-1.518041594991443;SIGN
hFn5HbmeQxJmWGNM9z8GdA;-15.468675485748463;-9.567871666725296;0.053052262134713146;4.5621553769507335;1.9164572697651283;1.6399999999999864;-1.34452981564745;CAR
hozauR00RsgvD3vLs_YRtQ;12.522038182474716;-21.77787984869974;-0.09713104250505467;5.310188117191309;2.163512771974772;1.759999999999991;-1.3407625185822378;CAR
jk9isHue7QjtDf0GqoCR6g;1.7373073874168767;16.471702660332085;1.8134902870501435;0.13881655102717874;0.5175268206842426;0.18999999999999773;1.7993696478040473;SIGN
k9OstxG43c0P5GCFCExNsA;-0.8914299399202719;-6.477342265467996;0.06823865461083756;4.810023135106862;1.9280751764699815;1.5699999999999932;-1.4063237565041071;CAR
ktfvcrmibGVYJigpJgZZAg;-16.26619137112357;9.930166891458612;0.4183869421677855;4.601854095547461;2.2062559295567263;1.759999999999991;1.768288688487977;CAR
lM-hv65Oiwg1YIw0JIyl6g;25.36994624626095;-16.26365490720491;1.8157194744333083;0.10447660098932071;0.4641460938334417;0.5;-1.3266149436705426;SIGN
mtZsARcXyNhsLhAxds0ONQ;37.73005527436908;-39.744599755080344;1.241548103853603;0.0732425385679753;0.31713517503811506;0.18999999999999773;-2.9488510273833075;SIGN
pPz1JSCPy8Hyc4G2e3P_jQ;27.75912766874353;-27.72383788363277;-0.6775715786801584;5.865457652066104;2.4852781729195663;2.2200000000000273;1.8303022306260495;CAR
pqOLClofbmjtPT91ysd4Ag;3.3897658190198854;-3.7736064392111075;2.304029285260924;0.05848721860824113;0.4508511160012798;0.14999999999997726;2.948795022029689;SIGN
rKTQbdKc0FWepAZnwYDohQ;1.7758938208935433;16.464396930471594;2.012150508790114;0.146154078556805;0.7822904127607202;0.7599999999999909;1.7993696478035783;SIGN
s0L_knY_G70oWcUpfw996g;17.020236383510564;6.546705303144336;0.5717708395729915;0.07011148002410048;0.9484786642048915;0.5099999999999909;-2.916528227178752;SIGN
uyMi4BdVAyRvwi5ylIBIqA;-58.535797355198156;-14.499681136478102;1.5352040256951511;4.251989735399406;1.9058206061670098;1.8000000000000114;0.18391538166186105;CAR
v5Egk7Rf1X0hXa8VgyfwEA;35.26223241761545;-59.91500614189954;0.17615336664241;4.430239434488037;2.1035636001252205;2.0300000000000296;1.8346029752995987;CAR
vtA30Zydp7XiaZ2Sc5xJpA;0.43451859917149704;54.17842193177148;-4.159832909665369;4.4223043267998765;2.189950637143628;2.170000000000016;1.776967720890088;CAR
xNRxds-9oSm_l7zJHdVfWA;-31.169449550341596;6.627721998821471;0.4772478998523013;4.4439699572537465;1.9351693716844505;1.660000000000025;1.7717706229386625;CAR
zr26RzD5X4_2lqkePzYiWQ;-37.622910465461246;-14.01731909708542;0.535379953101824;4.124851501319638;1.8765714523626402;1.7200000000000273;-1.3683176134074349;CAR
zsk_Sr0OnjJpBihUCXVbFw;13.025576822377843;12.149480883575961;-1.0214026987557645;4.679191751331773;1.9019556296033724;1.740000000000009;1.7339891680897193;CAR