-2a9xuxutTp6ELbMXbQX5Q;39.470463950803605;-64.05653871711729;-0.4502195265241653;4.411846612016866;2.006560298709667;1.5299999999999727;1.912373765763732;CAR
13p-vvcIXHc_ZjZQD8IvRA;-61.50745783543971;-2.9013523614075893;1.4769867689308853;4.239043947069152;1.9342952158961977;1.8899999999999864;1.770480315138502;CAR
2cGu8CsqQQ4wDHUTzB__NA;35.46790656141093;-50.65687995164717;-0.9515300751465645;3.9947775081549746;1.8750851115463811;1.8199999999999932;1.8663282172980624;CAR
39P8f-sIGqpKZuCKKZBauA;-28.55663485027071;2.379450064766388;1.4182790169517148;0.1218569930803842;0.4908943726398087;0.5099999999999909;0.25951867497626635;SIGN
3MZO6-VVQtrIyGAFMulcTg;-54.36213282369317;-0.6637090378098947;1.0775899832698883;4.332327605954803;1.988992053324824;1.6499999999999773;1.8409417186582573;CAR
3mbZIAHtm9F4zpnfmCopEg;-76.66744693821602;-7.0941938841770025;2.5016823358503473;4.2617776252298505;1.9689136290065057;1.6899999999999977;1.8476069047072379;CAR
431ChCZLYv1WIGcgMHfW3g;-6.755913351969866;-8.051371301748986;-0.1673007622718501;4.017924159686435;1.8217347489587508;1.8999999999999773;-1.3238248640926955;CAR
4Fh970OcxUFZoP0FR8g3mg;-71.15546669292053;-11.214704488553252;1.7303130746499278;3.957806722937521;1.7504137873468977;1.240000000000009;-2.8653437723960535;CAR
5mGYRQo2hRXpDOkikvSSKg;40.288364602571164;-58.670093270669895;2.2571047135355684;0.10643660727300842;0.5200382334950634;0.4800000000000182;1.7809959551578087;SIGN
6AXQEepAMeaZA--KP1vKUw;-64.80516024035933;-9.274070110094726;1.3555699938274302;4.722530381289198;2.1569759720203785;1.7699999999999818;-2.9126061126979406;CAR
6k8wf2DIMHbQQ7aC-guUhw;17.972196251803325;-2.5809668794117897;1.5456396528038283;0.17257156242580676;0.8882613608337769;0.910000000000025;-1.457002683244447;SIGN
7-OQSSfOjwG23gplrA_Ijw;-27.956820130748383;-9.69921721638002;-0.026041323328229282;4.329438397926621;2.012981135915071;1.6499999999999773;0.27321302512798074;CAR
78LgW2BRDGSMNKDcnvpN2g;-39.797918654870955;3.7515806274550414;1.049415592254121;3.3594676304431172;1.5846289228297812;1.5090257587797282;1.8254651222309732;CAR
7bPAzkhlUbgZo17j_uhJWA;-12.70941528567164;-5.3246090240836565;-0.3090387900001019;4.681049526040518;2.0285250331662463;1.6399999999999864;0.26170871742434443;CAR
8cWxDuMt2Gn2LRP_vJgr-w;-12.534142280652304;5.121692760301812;-0.01918101632242042;4.682575078502768;2.0489554773528225;1.7200000000000273;-2.909532117004261;CAR
8dRUrrUeDUubDlZfh3SdhQ;-0.15651792791322805;53.291441978341936;-3.087449851813119;4.674572714433575;2.1030602058788705;1.8999999999999773;1.8352721337037963;CAR
99HpjIdW9frUCY0zbmIBww;-69.46228447681824;-5.333602565106048;1.764809089962199;5.275224189109442;2.1491375433070217;2.569999999999993;-1.2705780248401015;CAR
A7IVralGxsMsJ0id8yrGTQ;-3.4537858094445255;25.79109000936205;1.431233729563985;0.13338514539281754;0.5335766230813898;0.6299999999999955;-1.2262333431427779;SIGN
AD7-7Ma20f8Vpdta7QHamA;20.844377778666967;-11.609004372455274;-0.9086038133937393;5.851962408622413;2.3660526083348814;2.0600000000000023;2.101013261529438;CAR
AtH2Kfx3lG5zuzlZ8qI91w;-52.1877928062695;-19.725856407964784;0.7948947425811639;3.4910996832763175;1.5811963394710447;1.6000000000000227;-1.2702794021376322;CAR
B42y3hluu9KKu_3l_7MyNg;-42.51829946282305;-13.38965921403178;0.26508252514858555;4.553756119335154;1.985668331063367;1.5699999999999932;0.2701462127019272;CAR
Bz55H0VTaneIvVY40UwA3Q;-41.342520958627574;-14.999969027426232;1.3332028051826796;0.10990910628341391;0.5515391453248089;0.6100000000000136;0.19975995579918537;SIGN
DD2KcvlDlkv-j1bMhIgnUw;16.768742697986454;-32.46162095558702;-0.24424919347032414;4.9316864561552824;2.150689547729058;1.5600000000000023;-1.2347151803983174;CAR
DbbLRvQ9ho1XyiWtcCnklA;34.20653451357066;-45.47273445161409;-0.9266429090243662;5.682796722442332;2.6317605762386433;2.7099999999999795;1.8171177718783529;CAR
DsZkruUSRa_sax-pr1WLjA;15.454753530239032;7.536214489579834;-0.09937460999881864;0.09356222016020793;0.8933601764816538;0.8299999999999841;-2.855489315430915;SIGN
ENR8J71Igxv_ZDHVVrIWfA;1.4248830562901276;54.83011259521936;-1.0679007578927724;0.13445902670581078;0.5564777245130195;0.660000000000025;-1.3143833426592855;SIGN
FANxToBBBL6o2kVg2qh9ig;30.828794762934194;-67.56904090700209;0.5606447302896527;4.807338387498523;2.2920784669911;2.1000000000000227;-1.2874030296157748;CAR
Ha0zUiS8cY2BXZeVYYoroA;-47.51574898772924;1.238094320106029;0.7722387755054854;4.171065068318951;1.9663523542672128;1.829999999999984;1.8619374206566786;CAR
HzX_Acfx5SOpdR9Lp2F9DA;-41.94658605484983;-2.801428975507406;0.44615477028443706;3.7111937126258745;1.842949328617909;1.9599999999999795;-2.864094590293438;CAR
KjGttKWvcPmCXiu3xRImpA;-8.719861986774049;52.52316948563475;-3.1824675666319706;5.295783322507097;2.433013319881024;2.069999999999993;-1.3191436242221186;CAR
LKDVkTtEI739qj-rzODkOA;-27.258149845543812;0.9820523375847188;0.32774047424061337;4.332184913692887;1.9535516254975938;1.7699999999999818;-2.853814548208093;CAR
OiwgezXTj5zg5Jx_TwDcGw;8.145387075112012;24.21911540464589;-1.159377269743743;5.7669496293086775;2.293197569825524;2.1200000000000045;1.8089164347798867;CAR
PCyzDM62oXM8lR5nItzb0Q;9.592023529743528;18.005068968922387;-0.8103953512990643;4.687385521045758;1.9813353863029761;1.5900000000000318;1.8719023076286678;CAR
P_aCIpCOKYbjKgS3hQ205g;14.049260747582593;2.564837210336009;-0.8124726670980351;4.872719786930986;2.169051107738787;1.5400000000000205;1.8709876169621946;CAR
QTkU_pVmFjL1EXr0uXYO3A;-34.43084668907977;-0.7919392669209628;0.27873043335344505;4.0717572885530595;2.008449366080805;1.6999999999999886;-2.8439768018784735;CAR
QsaaTDu4_kZ5yreLX2x1Vg;-34.707761930192646;-11.498530776846565;0.18091437892829276;3.859739646317909;1.7807141109239446;1.5300000000000296;0.42212279581601253;CAR
Sb9NKU1z7vYQmAdKG7LKSQ;-56.34169421929619;-6.854168956805552;0.8042458323335779;4.121082542256067;1.9928090924541384;1.660000000000025;-2.9012547027166953;CAR
TOjutZ88CSqrAfA0NqJMXg;-49.199125866209215;-15.29964159094834;0.37849076867794906;5.095047455278501;2.197569807178586;1.9499999999999886;0.239014685908709;CAR
UiHW1gPW_HQMSgrSsbNNkw;-0.738218227539619;23.43357414399452;-0.9248258136762786;4.7246389473387875;2.1105623453485385;1.6999999999999886;-1.2833329367222155;CAR
VcKmbt_3t562ZlslF9K6uw;25.51986651160223;-19.736530321669306;-1.1035619847049816;4.6890260236469805;2.1063293595055543;1.8899999999999864;2.0657605062650948;CAR
WrRK7wUYLNlqGXnZcw6TTQ;-20.31256868085984;3.099132920670854;0.08276700964890438;4.212884754033842;1.8961861854405222;1.670000000000016;-2.8708254175764036;CAR
XnoDKcKd524_aIxBMS_7lQ;-2.9166526114167937;30.956904798843425;-1.5135739775076615;5.0187896526474765;2.3630514268366145;1.7800000000000296;-1.3053415284585517;CAR
XrmgxaI82TP40NS8GUNwWw;19.85142308936156;-42.90065816256083;-0.09988245132220186;4.991384553629618;2.254178310401334;2.0600000000000023;-1.219200433303156;CAR
bPOdPr-weZ4yfqmnDYPyUA;12.512981618507183;-8.851855302676086;-0.5093573517203538;4.9719879681168235;2.264742721794963;1.829999999999984;-1.2003278563935145;CAR
cB-jeCJKa4Epqr6QTmHPoQ;15.363471716651475;-33.771856712050976;2.339837224639979;0.09573641333272548;0.489490237734167;0.45999999999997954;1.8844366865144178;SIGN
cNRV2ULpN_c9_CwZOpsRrA;17.769609473754826;-5.906721365402518;-1.0334596737161235;5.326611730750998;2.2036871979481134;1.9599999999999795;2.049465852328934;CAR
cPudcbemzNx5Clzdsn6bTw;-4.465308959241156;36.98572109265751;-1.5114393103839063;5.268979149466314;2.2979344932184564;2.0500000000000114;-1.3157107740666585;CAR
d27U9BDdUPpJ_yonwk5dHA;-73.28943865733527;-22.18592805263961;2.033944318995623;4.846825282399462;2.33326012996311;1.7699999999999818;0.24313058236820861;CAR
g4oAW43dXNdQIm5Ije92Bw;12.710491282754447;7.645627389992114;-0.7291024811784723;4.260397836719463;2.026867157024964;2.0;1.8300288637875202;CAR
gWr7ViFp9CQ0Uh5HzRb-gw;17.92861908839768;-2.5675340160969427;1.2973974755069548;0.1693674885383082;0.5814657463264894;0.2300000000000182;-1.4570026832441467;SIGN
hFn5HbmeQxJmWGNM9z8GdA;-15.949930446151484;-10.546024215921534;-0.14159176724484723;4.562155376950732;1.9164572697651334;1.6399999999999864;-1.2834909039001547;CAR
hozauR00RsgvD3vLs_YRtQ;12.722700889118641;-21.022233506786506;-0.4256986820759039;5.31018811719131;2.1635127719747724;1.759999999999991;-1.2797236068349396;CAR
jk9isHue7QjtDf0GqoCR6g;-0.36236705502233235;16.468688882091556;2.1057155952720734;0.1388165510271821;0.5175268206842426;0.18999999999999773;1.8604085595513409;SIGN
k9OstxG43c0P5GCFCExNsA;-1.5764363968919497;-6.5887342756441285;-0.039079416559019364;4.81002313510686;1.9280751764699815;1.5699999999999932;-1.345284844756811;CAR
ktfvcrmibGVYJigpJgZZAg;-17.934422841497508;8.857194271474327;0.5387769100680089;4.601854095547462;2.206255929556731;1.759999999999991;1.8293276002352723;CAR
lM-hv65Oiwg1YIw0JIyl6g;25.21997378861488;-14.76366807587874;1.6022453392606621;0.10447660098932156;0.46414609383344235;0.5;-1.2655760319232547;SIGN
mtZsARcXyNhsLhAxds0ONQ;38.9925678411455;-37.41960457077221;0.6779333954332571;0.07324253856797508;0.3171351750381144;0.18999999999999773;-2.887812115636017;SIGN
pPz1JSCPy8Hyc4G2e3P_jQ;28.30190095742728;-26.030533571872184;-1.0632237719756858;5.865457652066104;2.485278172919569;2.2200000000000273;1.8913411423733457;CAR
pqOLClofbmjtPT91ysd4Ag;2.5157739525766374;-3.6403476438590587;2.24872119116867;0.0584872186088106;0.45085111600328087;0.14999999999997726;3.0137238657131302;SIGN
rKTQbdKc0FWepAZnwYDohQ;-0.32437621845565445;16.455547435371955;2.304339653917225;0.14615407855680232;0.7822904127607218;0.7599999999999909;1.8604085595508808;SIGN
s0L_knY_G70oWcUpfw996g;15.498038459300005;7.5122152230369466;0.7348029151801256;0.07011148002410372;0.9484786642048907;0.5099999999999909;-2.8554893154314605;SIGN
s9KaMoh3pkRwGm4QP2c_hg;24.635441318243466;-59.76526306305186;0.12888521045033485;4.900688778070066;2.1837284192461093;1.8899999999999864;-1.3139821545083834;CAR
uyMi4BdVAyRvwi5ylIBIqA;-58.641233726371865;-18.113200766595583;1.1314369643426687;4.2519897353994045;1.9058206061670115;1.8000000000000114;0.24495429340915598;CAR
v5Egk7Rf1X0hXa8VgyfwEA;37.73668637400806;-57.71500385386571;-0.7235133245432905;4.430239434488034;2.1035636001252143;2.0300000000000296;1.8956418870468923;CAR
vtA30Zydp7XiaZ2Sc5xJpA;-5.232157821694273;58.65095248848502;-3.6110445292431166;4.422304326799926;2.189950637143228;2.170000000000016;1.83806695535871;CAR
xNRxds-9oSm_l7zJHdVfWA;-32.60884294661446;4.654966174663059;0.5054251487997306;4.443969957253746;1.9351693716844502;1.660000000000025;1.8328095346859588;CAR
zr26RzD5X4_2lqkePzYiWQ;-37.79469960136703;-16.342711764169508;0.19690588845980983;4.124851501319638;1.8765714523626404;1.7200000000000273;-1.30727870166014;CAR
zsk_Sr0OnjJpBihUCXVbFw;11.171619565062429;12.872335783727067;-0.7846410559471906;4.679191751331773;1.9019556296033702;1.740000000000009;1.7950280798370155;CAR